ProductSymbol	Year	Month	Day	Integer	Dec	C/P	Call	Put	PositionLimit	
TSLA  	2023	01	27	15	000	C P 	947	7	75000000
TSLA  	2023	01	27	20	000	C P 	78	37	75000000
TSLA  	2023	01	27	25	000	C P 	8	135	75000000
TSLA  	2023	01	27	30	000	C P 	0	366	75000000
TSLA  	2023	01	27	35	000	C P 	15	275	75000000
TSLA  	2023	01	27	40	000	C P 	1	1829	75000000
TSLA  	2023	01	27	45	000	C P 	0	125	75000000
TSLA  	2023	01	27	50	000	C P 	101	2497	75000000
TSLA  	2023	01	27	55	000	C P 	14	2893	75000000
TSLA  	2023	01	27	60	000	C P 	7	3526	75000000
TSLA  	2023	01	27	65	000	C P 	15	6568	75000000
TSLA  	2023	01	27	70	000	C P 	23	14357	75000000
TSLA  	2023	01	27	75	000	C P 	33	6889	75000000
TSLA  	2023	01	27	80	000	C P 	237	10051	75000000
TSLA  	2023	01	27	85	000	C P 	76	13833	75000000
TSLA  	2023	01	27	86	000	C P 	5	2061	75000000
TSLA  	2023	01	27	87	000	C P 	26	193	75000000
TSLA  	2023	01	27	88	000	C P 	5	1961	75000000
TSLA  	2023	01	27	89	000	C P 	8	879	75000000
TSLA  	2023	01	27	90	000	C P 	286	9517	75000000
TSLA  	2023	01	27	91	000	C P 	18	1069	75000000
TSLA  	2023	01	27	92	000	C P 	56	1770	75000000
TSLA  	2023	01	27	93	000	C P 	30	395	75000000
TSLA  	2023	01	27	94	000	C P 	45	1487	75000000
TSLA  	2023	01	27	95	000	C P 	133	5652	75000000
TSLA  	2023	01	27	96	000	C P 	43	364	75000000
TSLA  	2023	01	27	97	000	C P 	20	778	75000000
TSLA  	2023	01	27	98	000	C P 	18	2277	75000000
TSLA  	2023	01	27	99	000	C P 	160	1597	75000000
TSLA  	2023	01	27	100	000	C P 	707	29111	75000000
TSLA  	2023	01	27	101	000	C P 	122	1160	75000000
TSLA  	2023	01	27	102	000	C P 	81	1793	75000000
TSLA  	2023	01	27	103	000	C P 	233	1985	75000000
TSLA  	2023	01	27	104	000	C P 	151	1593	75000000
TSLA  	2023	01	27	105	000	C P 	630	9016	75000000
TSLA  	2023	01	27	106	000	C P 	227	2999	75000000
TSLA  	2023	01	27	107	000	C P 	309	901	75000000
TSLA  	2023	01	27	108	000	C P 	270	2250	75000000
TSLA  	2023	01	27	109	000	C P 	594	1739	75000000
TSLA  	2023	01	27	110	000	C P 	3560	19510	75000000
TSLA  	2023	01	27	111	000	C P 	964	2073	75000000
TSLA  	2023	01	27	112	000	C P 	1010	3789	75000000
TSLA  	2023	01	27	113	000	C P 	724	2327	75000000
TSLA  	2023	01	27	114	000	C P 	434	2745	75000000
TSLA  	2023	01	27	115	000	C P 	4054	13026	75000000
TSLA  	2023	01	27	116	000	C P 	691	3232	75000000
TSLA  	2023	01	27	117	000	C P 	699	4618	75000000
TSLA  	2023	01	27	118	000	C P 	1401	2983	75000000
TSLA  	2023	01	27	119	000	C P 	1175	2548	75000000
TSLA  	2023	01	27	120	000	C P 	4513	28302	75000000
TSLA  	2023	01	27	121	000	C P 	929	2808	75000000
TSLA  	2023	01	27	122	000	C P 	2163	4242	75000000
TSLA  	2023	01	27	123	000	C P 	2311	3305	75000000
TSLA  	2023	01	27	124	000	C P 	1561	5538	75000000
TSLA  	2023	01	27	125	000	C P 	6775	19830	75000000
TSLA  	2023	01	27	126	000	C P 	2202	4611	75000000
TSLA  	2023	01	27	127	000	C P 	2771	8101	75000000
TSLA  	2023	01	27	128	000	C P 	1747	6790	75000000
TSLA  	2023	01	27	129	000	C P 	3028	3775	75000000
TSLA  	2023	01	27	130	000	C P 	15328	22914	75000000
TSLA  	2023	01	27	131	000	C P 	2573	10259	75000000
TSLA  	2023	01	27	132	000	C P 	2637	5851	75000000
TSLA  	2023	01	27	133	000	C P 	2650	4125	75000000
TSLA  	2023	01	27	134	000	C P 	3082	2960	75000000
TSLA  	2023	01	27	135	000	C P 	10508	10489	75000000
TSLA  	2023	01	27	136	000	C P 	1540	3575	75000000
TSLA  	2023	01	27	137	000	C P 	1953	3600	75000000
TSLA  	2023	01	27	138	000	C P 	2045	4330	75000000
TSLA  	2023	01	27	139	000	C P 	3132	2510	75000000
TSLA  	2023	01	27	140	000	C P 	20108	15101	75000000
TSLA  	2023	01	27	141	000	C P 	4557	3598	75000000
TSLA  	2023	01	27	142	000	C P 	4811	2753	75000000
TSLA  	2023	01	27	143	000	C P 	4666	4072	75000000
TSLA  	2023	01	27	144	000	C P 	4784	2944	75000000
TSLA  	2023	01	27	145	000	C P 	18229	7604	75000000
TSLA  	2023	01	27	146	000	C P 	3653	1668	75000000
TSLA  	2023	01	27	147	000	C P 	3530	871	75000000
TSLA  	2023	01	27	148	000	C P 	3780	717	75000000
TSLA  	2023	01	27	149	000	C P 	3603	951	75000000
TSLA  	2023	01	27	150	000	C P 	39242	8158	75000000
TSLA  	2023	01	27	152	500	C P 	7485	699	75000000
TSLA  	2023	01	27	155	000	C P 	16975	3988	75000000
TSLA  	2023	01	27	157	500	C P 	5288	1285	75000000
TSLA  	2023	01	27	160	000	C P 	28949	14014	75000000
TSLA  	2023	01	27	162	500	C P 	5038	904	75000000
TSLA  	2023	01	27	165	000	C P 	18091	5359	75000000
TSLA  	2023	01	27	167	500	C P 	3800	1059	75000000
TSLA  	2023	01	27	170	000	C P 	25460	2599	75000000
TSLA  	2023	01	27	172	500	C P 	3753	702	75000000
TSLA  	2023	01	27	175	000	C P 	18952	1415	75000000
TSLA  	2023	01	27	180	000	C P 	16692	2164	75000000
TSLA  	2023	01	27	185	000	C P 	7956	969	75000000
TSLA  	2023	01	27	190	000	C P 	5551	108	75000000
TSLA  	2023	01	27	195	000	C P 	4039	28	75000000
TSLA  	2023	01	27	200	000	C P 	19083	35	75000000
TSLA  	2023	01	27	205	000	C P 	8116	15	75000000
TSLA  	2023	01	27	210	000	C P 	8768	1	75000000
TSLA  	2023	01	27	215	000	C P 	2270	0	75000000
TSLA  	2023	01	27	220	000	C P 	1510	0	75000000
TSLA  	2023	01	27	225	000	C P 	1336	0	75000000
TSLA  	2023	01	27	230	000	C P 	2159	0	75000000
TSLA  	2023	01	27	235	000	C P 	1263	0	75000000
TSLA  	2023	01	27	240	000	C P 	2712	0	75000000
TSLA  	2023	01	27	245	000	C P 	1661	0	75000000
TSLA  	2023	01	27	250	000	C P 	14777	0	75000000
TSLA  	2023	01	27	255	000	C P 	467	0	75000000
TSLA  	2023	01	27	260	000	C P 	320	0	75000000
TSLA  	2023	01	27	265	000	C P 	464	0	75000000
TSLA  	2023	01	27	270	000	C P 	971	0	75000000
TSLA  	2023	01	27	275	000	C P 	178	0	75000000
TSLA  	2023	01	27	280	000	C P 	472	1	75000000
TSLA  	2023	01	27	285	000	C P 	259	0	75000000
TSLA  	2023	01	27	290	000	C P 	277	0	75000000
TSLA  	2023	01	27	295	000	C P 	53	0	75000000
TSLA  	2023	01	27	300	000	C P 	1195	0	75000000
TSLA  	2023	01	27	305	000	C P 	29	0	75000000
TSLA  	2023	01	27	310	000	C P 	149	0	75000000
TSLA  	2023	01	27	315	000	C P 	90	0	75000000
TSLA  	2023	01	27	320	000	C P 	65	0	75000000
TSLA  	2023	01	27	325	000	C P 	51	0	75000000
TSLA  	2023	01	27	330	000	C P 	8	0	75000000
TSLA  	2023	01	27	335	000	C P 	16	0	75000000
TSLA  	2023	01	27	340	000	C P 	267	0	75000000
TSLA  	2023	01	27	345	000	C P 	107	1	75000000
TSLA  	2023	01	27	350	000	C P 	947	0	75000000
TSLA  	2023	02	03	15	000	C P 	22	40	75000000
TSLA  	2023	02	03	20	000	C P 	0	597	75000000
TSLA  	2023	02	03	25	000	C P 	0	93	75000000
TSLA  	2023	02	03	30	000	C P 	0	378	75000000
TSLA  	2023	02	03	35	000	C P 	2	1617	75000000
TSLA  	2023	02	03	40	000	C P 	0	415	75000000
TSLA  	2023	02	03	45	000	C P 	0	1879	75000000
TSLA  	2023	02	03	50	000	C P 	123	3212	75000000
TSLA  	2023	02	03	55	000	C P 	10	1061	75000000
TSLA  	2023	02	03	60	000	C P 	12	4320	75000000
TSLA  	2023	02	03	65	000	C P 	19	1255	75000000
TSLA  	2023	02	03	70	000	C P 	62	2703	75000000
TSLA  	2023	02	03	75	000	C P 	18	4062	75000000
TSLA  	2023	02	03	80	000	C P 	45	5794	75000000
TSLA  	2023	02	03	85	000	C P 	60	5808	75000000
TSLA  	2023	02	03	86	000	C P 	1	391	75000000
TSLA  	2023	02	03	87	000	C P 	1	13	75000000
TSLA  	2023	02	03	88	000	C P 	3	79	75000000
TSLA  	2023	02	03	89	000	C P 	4	1142	75000000
TSLA  	2023	02	03	90	000	C P 	131	5742	75000000
TSLA  	2023	02	03	91	000	C P 	16	5	75000000
TSLA  	2023	02	03	92	000	C P 	3	45	75000000
TSLA  	2023	02	03	93	000	C P 	7	1802	75000000
TSLA  	2023	02	03	94	000	C P 	14	1286	75000000
TSLA  	2023	02	03	95	000	C P 	36	1776	75000000
TSLA  	2023	02	03	96	000	C P 	3	949	75000000
TSLA  	2023	02	03	97	000	C P 	5	173	75000000
TSLA  	2023	02	03	98	000	C P 	10	420	75000000
TSLA  	2023	02	03	99	000	C P 	33	713	75000000
TSLA  	2023	02	03	100	000	C P 	386	6733	75000000
TSLA  	2023	02	03	101	000	C P 	12	402	75000000
TSLA  	2023	02	03	102	000	C P 	19	833	75000000
TSLA  	2023	02	03	103	000	C P 	63	440	75000000
TSLA  	2023	02	03	104	000	C P 	160	1337	75000000
TSLA  	2023	02	03	105	000	C P 	582	2790	75000000
TSLA  	2023	02	03	106	000	C P 	93	1329	75000000
TSLA  	2023	02	03	107	000	C P 	106	1465	75000000
TSLA  	2023	02	03	108	000	C P 	87	1101	75000000
TSLA  	2023	02	03	109	000	C P 	229	1121	75000000
TSLA  	2023	02	03	110	000	C P 	1424	7739	75000000
TSLA  	2023	02	03	111	000	C P 	163	1063	75000000
TSLA  	2023	02	03	112	000	C P 	213	770	75000000
TSLA  	2023	02	03	113	000	C P 	261	911	75000000
TSLA  	2023	02	03	114	000	C P 	407	902	75000000
TSLA  	2023	02	03	115	000	C P 	1171	4547	75000000
TSLA  	2023	02	03	116	000	C P 	464	861	75000000
TSLA  	2023	02	03	117	000	C P 	167	378	75000000
TSLA  	2023	02	03	118	000	C P 	211	1301	75000000
TSLA  	2023	02	03	119	000	C P 	303	688	75000000
TSLA  	2023	02	03	120	000	C P 	2176	7105	75000000
TSLA  	2023	02	03	121	000	C P 	278	1056	75000000
TSLA  	2023	02	03	122	000	C P 	664	2397	75000000
TSLA  	2023	02	03	123	000	C P 	1047	3182	75000000
TSLA  	2023	02	03	124	000	C P 	786	1608	75000000
TSLA  	2023	02	03	125	000	C P 	1690	3306	75000000
TSLA  	2023	02	03	126	000	C P 	350	1640	75000000
TSLA  	2023	02	03	127	000	C P 	542	1755	75000000
TSLA  	2023	02	03	128	000	C P 	628	1618	75000000
TSLA  	2023	02	03	129	000	C P 	1123	897	75000000
TSLA  	2023	02	03	130	000	C P 	4910	9603	75000000
TSLA  	2023	02	03	131	000	C P 	880	935	75000000
TSLA  	2023	02	03	132	000	C P 	1147	1720	75000000
TSLA  	2023	02	03	133	000	C P 	1142	1732	75000000
TSLA  	2023	02	03	134	000	C P 	747	2920	75000000
TSLA  	2023	02	03	135	000	C P 	3122	2818	75000000
TSLA  	2023	02	03	136	000	C P 	519	1649	75000000
TSLA  	2023	02	03	137	000	C P 	531	1868	75000000
TSLA  	2023	02	03	138	000	C P 	513	1520	75000000
TSLA  	2023	02	03	139	000	C P 	489	391	75000000
TSLA  	2023	02	03	140	000	C P 	3985	3082	75000000
TSLA  	2023	02	03	141	000	C P 	692	931	75000000
TSLA  	2023	02	03	142	000	C P 	914	1332	75000000
TSLA  	2023	02	03	143	000	C P 	1812	863	75000000
TSLA  	2023	02	03	144	000	C P 	2446	627	75000000
TSLA  	2023	02	03	145	000	C P 	7363	3106	75000000
TSLA  	2023	02	03	146	000	C P 	991	935	75000000
TSLA  	2023	02	03	147	000	C P 	1044	508	75000000
TSLA  	2023	02	03	148	000	C P 	741	403	75000000
TSLA  	2023	02	03	149	000	C P 	599	733	75000000
TSLA  	2023	02	03	150	000	C P 	8332	1902	75000000
TSLA  	2023	02	03	152	500	C P 	945	329	75000000
TSLA  	2023	02	03	155	000	C P 	4326	507	75000000
TSLA  	2023	02	03	157	500	C P 	537	60	75000000
TSLA  	2023	02	03	160	000	C P 	5703	5865	75000000
TSLA  	2023	02	03	162	500	C P 	597	135	75000000
TSLA  	2023	02	03	165	000	C P 	4730	359	75000000
TSLA  	2023	02	03	167	500	C P 	438	138	75000000
TSLA  	2023	02	03	170	000	C P 	3952	375	75000000
TSLA  	2023	02	03	172	500	C P 	391	184	75000000
TSLA  	2023	02	03	175	000	C P 	5912	707	75000000
TSLA  	2023	02	03	180	000	C P 	6264	749	75000000
TSLA  	2023	02	03	185	000	C P 	4255	432	75000000
TSLA  	2023	02	03	190	000	C P 	1665	216	75000000
TSLA  	2023	02	03	195	000	C P 	2123	107	75000000
TSLA  	2023	02	03	200	000	C P 	6159	275	75000000
TSLA  	2023	02	03	205	000	C P 	2285	5	75000000
TSLA  	2023	02	03	210	000	C P 	3216	3	75000000
TSLA  	2023	02	03	215	000	C P 	5404	2	75000000
TSLA  	2023	02	03	220	000	C P 	11985	9	75000000
TSLA  	2023	02	03	225	000	C P 	10335	0	75000000
TSLA  	2023	02	03	230	000	C P 	1959	0	75000000
TSLA  	2023	02	03	235	000	C P 	673	0	75000000
TSLA  	2023	02	03	240	000	C P 	1345	0	75000000
TSLA  	2023	02	03	245	000	C P 	1124	0	75000000
TSLA  	2023	02	03	250	000	C P 	1538	0	75000000
TSLA  	2023	02	03	255	000	C P 	293	0	75000000
TSLA  	2023	02	03	260	000	C P 	288	0	75000000
TSLA  	2023	02	03	265	000	C P 	246	0	75000000
TSLA  	2023	02	03	270	000	C P 	1106	0	75000000
TSLA  	2023	02	10	15	000	C P 	0	120	75000000
TSLA  	2023	02	10	20	000	C P 	0	1	75000000
TSLA  	2023	02	10	25	000	C P 	0	250	75000000
TSLA  	2023	02	10	30	000	C P 	0	1498	75000000
TSLA  	2023	02	10	35	000	C P 	0	1447	75000000
TSLA  	2023	02	10	40	000	C P 	0	934	75000000
TSLA  	2023	02	10	45	000	C P 	0	1868	75000000
TSLA  	2023	02	10	50	000	C P 	5	2206	75000000
TSLA  	2023	02	10	55	000	C P 	2	1166	75000000
TSLA  	2023	02	10	60	000	C P 	1	2300	75000000
TSLA  	2023	02	10	65	000	C P 	4	949	75000000
TSLA  	2023	02	10	70	000	C P 	13	1150	75000000
TSLA  	2023	02	10	75	000	C P 	3	801	75000000
TSLA  	2023	02	10	80	000	C P 	71	1302	75000000
TSLA  	2023	02	10	85	000	C P 	5	991	75000000
TSLA  	2023	02	10	90	000	C P 	66	1254	75000000
TSLA  	2023	02	10	95	000	C P 	13	861	75000000
TSLA  	2023	02	10	98	000	C P 	0	157	75000000
TSLA  	2023	02	10	99	000	C P 	4	561	75000000
TSLA  	2023	02	10	100	000	C P 	51	2652	75000000
TSLA  	2023	02	10	101	000	C P 	13	247	75000000
TSLA  	2023	02	10	102	000	C P 	16	329	75000000
TSLA  	2023	02	10	103	000	C P 	12	237	75000000
TSLA  	2023	02	10	104	000	C P 	35	256	75000000
TSLA  	2023	02	10	105	000	C P 	108	1346	75000000
TSLA  	2023	02	10	106	000	C P 	41	463	75000000
TSLA  	2023	02	10	107	000	C P 	22	460	75000000
TSLA  	2023	02	10	108	000	C P 	63	440	75000000
TSLA  	2023	02	10	109	000	C P 	66	325	75000000
TSLA  	2023	02	10	110	000	C P 	705	1378	75000000
TSLA  	2023	02	10	111	000	C P 	100	268	75000000
TSLA  	2023	02	10	112	000	C P 	44	287	75000000
TSLA  	2023	02	10	113	000	C P 	129	495	75000000
TSLA  	2023	02	10	114	000	C P 	130	5946	75000000
TSLA  	2023	02	10	115	000	C P 	292	1465	75000000
TSLA  	2023	02	10	116	000	C P 	112	458	75000000
TSLA  	2023	02	10	117	000	C P 	161	269	75000000
TSLA  	2023	02	10	118	000	C P 	141	444	75000000
TSLA  	2023	02	10	119	000	C P 	137	431	75000000
TSLA  	2023	02	10	120	000	C P 	850	3539	75000000
TSLA  	2023	02	10	121	000	C P 	262	473	75000000
TSLA  	2023	02	10	122	000	C P 	658	607	75000000
TSLA  	2023	02	10	123	000	C P 	150	515	75000000
TSLA  	2023	02	10	124	000	C P 	347	431	75000000
TSLA  	2023	02	10	125	000	C P 	812	1188	75000000
TSLA  	2023	02	10	126	000	C P 	287	581	75000000
TSLA  	2023	02	10	127	000	C P 	404	347	75000000
TSLA  	2023	02	10	128	000	C P 	1235	388	75000000
TSLA  	2023	02	10	129	000	C P 	681	752	75000000
TSLA  	2023	02	10	130	000	C P 	1574	1799	75000000
TSLA  	2023	02	10	131	000	C P 	493	508	75000000
TSLA  	2023	02	10	132	000	C P 	673	598	75000000
TSLA  	2023	02	10	133	000	C P 	551	251	75000000
TSLA  	2023	02	10	134	000	C P 	279	245	75000000
TSLA  	2023	02	10	135	000	C P 	1879	1505	75000000
TSLA  	2023	02	10	136	000	C P 	276	363	75000000
TSLA  	2023	02	10	137	000	C P 	541	1168	75000000
TSLA  	2023	02	10	138	000	C P 	198	2293	75000000
TSLA  	2023	02	10	139	000	C P 	226	2058	75000000
TSLA  	2023	02	10	140	000	C P 	2210	1136	75000000
TSLA  	2023	02	10	141	000	C P 	259	375	75000000
TSLA  	2023	02	10	142	000	C P 	341	995	75000000
TSLA  	2023	02	10	145	000	C P 	1940	704	75000000
TSLA  	2023	02	10	150	000	C P 	3905	1561	75000000
TSLA  	2023	02	10	152	500	C P 	466	185	75000000
TSLA  	2023	02	10	155	000	C P 	1750	233	75000000
TSLA  	2023	02	10	157	500	C P 	331	6	75000000
TSLA  	2023	02	10	160	000	C P 	3359	55	75000000
TSLA  	2023	02	10	165	000	C P 	1000	5202	75000000
TSLA  	2023	02	10	170	000	C P 	1698	37	75000000
TSLA  	2023	02	10	175	000	C P 	821	28	75000000
TSLA  	2023	02	10	180	000	C P 	854	9	75000000
TSLA  	2023	02	10	185	000	C P 	894	14	75000000
TSLA  	2023	02	10	190	000	C P 	802	12	75000000
TSLA  	2023	02	10	195	000	C P 	1930	4	75000000
TSLA  	2023	02	10	200	000	C P 	1367	1	75000000
TSLA  	2023	02	10	205	000	C P 	1005	9	75000000
TSLA  	2023	02	10	210	000	C P 	276	0	75000000
TSLA  	2023	02	10	215	000	C P 	237	0	75000000
TSLA  	2023	02	10	220	000	C P 	316	0	75000000
TSLA  	2023	02	10	225	000	C P 	404	0	75000000
TSLA  	2023	02	10	230	000	C P 	228	0	75000000
TSLA  	2023	02	10	235	000	C P 	544	0	75000000
TSLA  	2023	02	10	240	000	C P 	2264	0	75000000
TSLA  	2023	02	10	245	000	C P 	795	0	75000000
TSLA  	2023	02	17	15	000	C P 	62	304	75000000
TSLA  	2023	02	17	20	000	C P 	35	40	75000000
TSLA  	2023	02	17	25	000	C P 	2	99	75000000
TSLA  	2023	02	17	30	000	C P 	71	2723	75000000
TSLA  	2023	02	17	35	000	C P 	0	5413	75000000
TSLA  	2023	02	17	40	000	C P 	85	10286	75000000
TSLA  	2023	02	17	45	000	C P 	0	1689	75000000
TSLA  	2023	02	17	50	000	C P 	933	15570	75000000
TSLA  	2023	02	17	55	000	C P 	30	5418	75000000
TSLA  	2023	02	17	60	000	C P 	521	9191	75000000
TSLA  	2023	02	17	65	000	C P 	28	3905	75000000
TSLA  	2023	02	17	70	000	C P 	78	50810	75000000
TSLA  	2023	02	17	75	000	C P 	93	7829	75000000
TSLA  	2023	02	17	80	000	C P 	208	21629	75000000
TSLA  	2023	02	17	85	000	C P 	233	12230	75000000
TSLA  	2023	02	17	90	000	C P 	294	16055	75000000
TSLA  	2023	02	17	95	000	C P 	1113	17970	75000000
TSLA  	2023	02	17	100	000	C P 	4707	39194	75000000
TSLA  	2023	02	17	105	000	C P 	20834	28918	75000000
TSLA  	2023	02	17	110	000	C P 	3644	24508	75000000
TSLA  	2023	02	17	115	000	C P 	16429	24303	75000000
TSLA  	2023	02	17	118	000	C P 	50	272	75000000
TSLA  	2023	02	17	119	000	C P 	1	133	75000000
TSLA  	2023	02	17	120	000	C P 	26947	43407	75000000
TSLA  	2023	02	17	121	000	C P 	13	237	75000000
TSLA  	2023	02	17	122	000	C P 	11	1069	75000000
TSLA  	2023	02	17	123	000	C P 	43	344	75000000
TSLA  	2023	02	17	124	000	C P 	21	136	75000000
TSLA  	2023	02	17	125	000	C P 	13787	13646	75000000
TSLA  	2023	02	17	126	000	C P 	33	657	75000000
TSLA  	2023	02	17	127	000	C P 	21	399	75000000
TSLA  	2023	02	17	128	000	C P 	35	256	75000000
TSLA  	2023	02	17	129	000	C P 	41	573	75000000
TSLA  	2023	02	17	130	000	C P 	13960	12691	75000000
TSLA  	2023	02	17	131	000	C P 	45	828	75000000
TSLA  	2023	02	17	132	000	C P 	121	1094	75000000
TSLA  	2023	02	17	133	000	C P 	67	649	75000000
TSLA  	2023	02	17	134	000	C P 	263	358	75000000
TSLA  	2023	02	17	135	000	C P 	9444	8798	75000000
TSLA  	2023	02	17	136	000	C P 	1338	481	75000000
TSLA  	2023	02	17	137	000	C P 	810	593	75000000
TSLA  	2023	02	17	138	000	C P 	631	895	75000000
TSLA  	2023	02	17	139	000	C P 	760	758	75000000
TSLA  	2023	02	17	140	000	C P 	9131	9230	75000000
TSLA  	2023	02	17	141	000	C P 	308	741	75000000
TSLA  	2023	02	17	142	000	C P 	1044	1212	75000000
TSLA  	2023	02	17	145	000	C P 	6562	10317	75000000
TSLA  	2023	02	17	150	000	C P 	18324	14732	75000000
TSLA  	2023	02	17	152	500	C P 	728	363	75000000
TSLA  	2023	02	17	155	000	C P 	10312	2685	75000000
TSLA  	2023	02	17	157	500	C P 	373	184	75000000
TSLA  	2023	02	17	160	000	C P 	42903	7799	75000000
TSLA  	2023	02	17	165	000	C P 	13841	9660	75000000
TSLA  	2023	02	17	170	000	C P 	19444	8560	75000000
TSLA  	2023	02	17	175	000	C P 	10292	5244	75000000
TSLA  	2023	02	17	180	000	C P 	9919	7813	75000000
TSLA  	2023	02	17	185	000	C P 	16449	4178	75000000
TSLA  	2023	02	17	190	000	C P 	6206	3032	75000000
TSLA  	2023	02	17	195	000	C P 	4545	4095	75000000
TSLA  	2023	02	17	200	000	C P 	29843	1760	75000000
TSLA  	2023	02	17	205	000	C P 	3951	1228	75000000
TSLA  	2023	02	17	210	000	C P 	5049	181	75000000
TSLA  	2023	02	17	215	000	C P 	5197	1297	75000000
TSLA  	2023	02	17	220	000	C P 	26270	128	75000000
TSLA  	2023	02	17	225	000	C P 	7117	54	75000000
TSLA  	2023	02	17	230	000	C P 	6080	167	75000000
TSLA  	2023	02	17	235	000	C P 	3734	5	75000000
TSLA  	2023	02	17	240	000	C P 	4897	2	75000000
TSLA  	2023	02	17	245	000	C P 	1607	2	75000000
TSLA  	2023	02	17	250	000	C P 	6527	47	75000000
TSLA  	2023	02	17	255	000	C P 	5883	18	75000000
TSLA  	2023	02	17	260	000	C P 	3160	68	75000000
TSLA  	2023	02	17	265	000	C P 	907	50	75000000
TSLA  	2023	02	17	270	000	C P 	4263	37	75000000
TSLA  	2023	02	17	275	000	C P 	3500	0	75000000
TSLA  	2023	02	17	280	000	C P 	4957	11	75000000
TSLA  	2023	02	17	285	000	C P 	1194	0	75000000
TSLA  	2023	02	17	290	000	C P 	1399	0	75000000
TSLA  	2023	02	17	295	000	C P 	1036	0	75000000
TSLA  	2023	02	17	300	000	C P 	6510	11	75000000
TSLA  	2023	02	17	305	000	C P 	706	20	75000000
TSLA  	2023	02	17	310	000	C P 	844	0	75000000
TSLA  	2023	02	17	315	000	C P 	640	0	75000000
TSLA  	2023	02	17	320	000	C P 	8039	1	75000000
TSLA  	2023	02	17	325	000	C P 	1028	0	75000000
TSLA  	2023	02	17	330	000	C P 	736	0	75000000
TSLA  	2023	02	17	335	000	C P 	516	0	75000000
TSLA  	2023	02	17	340	000	C P 	1988	0	75000000
TSLA  	2023	02	17	345	000	C P 	799	0	75000000
TSLA  	2023	02	17	350	000	C P 	2706	0	75000000
TSLA  	2023	02	17	355	000	C P 	569	0	75000000
TSLA  	2023	02	17	360	000	C P 	797	0	75000000
TSLA  	2023	02	17	365	000	C P 	1080	0	75000000
TSLA  	2023	02	17	370	000	C P 	527	0	75000000
TSLA  	2023	02	17	375	000	C P 	1345	0	75000000
TSLA  	2023	02	17	380	000	C P 	1466	0	75000000
TSLA  	2023	02	17	385	000	C P 	752	0	75000000
TSLA  	2023	02	17	390	000	C P 	452	0	75000000
TSLA  	2023	02	17	395	000	C P 	1295	0	75000000
TSLA  	2023	02	17	400	000	C P 	2478	0	75000000
TSLA  	2023	02	17	405	000	C P 	184	0	75000000
TSLA  	2023	02	17	410	000	C P 	288	0	75000000
TSLA  	2023	02	17	415	000	C P 	433	0	75000000
TSLA  	2023	02	17	420	000	C P 	410	0	75000000
TSLA  	2023	02	17	425	000	C P 	279	0	75000000
TSLA  	2023	02	17	430	000	C P 	243	0	75000000
TSLA  	2023	02	17	435	000	C P 	278	0	75000000
TSLA  	2023	02	17	440	000	C P 	532	0	75000000
TSLA  	2023	02	17	445	000	C P 	60	0	75000000
TSLA  	2023	02	17	450	000	C P 	570	0	75000000
TSLA  	2023	02	17	455	000	C P 	1492	0	75000000
TSLA  	2023	02	17	460	000	C P 	206	0	75000000
TSLA  	2023	02	17	465	000	C P 	711	0	75000000
TSLA  	2023	02	17	470	000	C P 	1209	0	75000000
TSLA  	2023	02	17	475	000	C P 	120	0	75000000
TSLA  	2023	02	17	480	000	C P 	116	0	75000000
TSLA  	2023	02	17	485	000	C P 	603	0	75000000
TSLA  	2023	02	17	490	000	C P 	154	0	75000000
TSLA  	2023	02	17	495	000	C P 	113	0	75000000
TSLA  	2023	02	17	500	000	C P 	910	0	75000000
TSLA  	2023	02	17	505	000	C P 	267	0	75000000
TSLA  	2023	02	17	510	000	C P 	334	0	75000000
TSLA  	2023	02	17	515	000	C P 	51	0	75000000
TSLA  	2023	02	17	520	000	C P 	187	0	75000000
TSLA  	2023	02	17	525	000	C P 	126	0	75000000
TSLA  	2023	02	17	530	000	C P 	72	0	75000000
TSLA  	2023	02	17	535	000	C P 	160	0	75000000
TSLA  	2023	02	17	540	000	C P 	115	0	75000000
TSLA  	2023	02	17	545	000	C P 	104	0	75000000
TSLA  	2023	02	17	550	000	C P 	201	0	75000000
TSLA  	2023	02	17	555	000	C P 	263	0	75000000
TSLA  	2023	02	17	560	000	C P 	378	0	75000000
TSLA  	2023	02	17	565	000	C P 	561	0	75000000
TSLA  	2023	02	17	570	000	C P 	224	0	75000000
TSLA  	2023	02	17	575	000	C P 	278	0	75000000
TSLA  	2023	02	17	580	000	C P 	586	0	75000000
TSLA  	2023	02	17	585	000	C P 	565	0	75000000
TSLA  	2023	02	17	590	000	C P 	264	0	75000000
TSLA  	2023	02	17	595	000	C P 	576	0	75000000
TSLA  	2023	02	17	600	000	C P 	1663	0	75000000
TSLA  	2023	02	24	15	000	C P 	1	8	75000000
TSLA  	2023	02	24	20	000	C P 	3	1	75000000
TSLA  	2023	02	24	25	000	C P 	3	3	75000000
TSLA  	2023	02	24	30	000	C P 	3	748	75000000
TSLA  	2023	02	24	35	000	C P 	0	20	75000000
TSLA  	2023	02	24	40	000	C P 	0	438	75000000
TSLA  	2023	02	24	45	000	C P 	0	1744	75000000
TSLA  	2023	02	24	50	000	C P 	0	1234	75000000
TSLA  	2023	02	24	55	000	C P 	0	818	75000000
TSLA  	2023	02	24	60	000	C P 	11	1013	75000000
TSLA  	2023	02	24	65	000	C P 	5	451	75000000
TSLA  	2023	02	24	70	000	C P 	5	337	75000000
TSLA  	2023	02	24	75	000	C P 	1	740	75000000
TSLA  	2023	02	24	80	000	C P 	5	934	75000000
TSLA  	2023	02	24	85	000	C P 	1	710	75000000
TSLA  	2023	02	24	90	000	C P 	31	1126	75000000
TSLA  	2023	02	24	95	000	C P 	16	1429	75000000
TSLA  	2023	02	24	98	000	C P 	15	198	75000000
TSLA  	2023	02	24	99	000	C P 	0	566	75000000
TSLA  	2023	02	24	100	000	C P 	47	1404	75000000
TSLA  	2023	02	24	101	000	C P 	21	273	75000000
TSLA  	2023	02	24	102	000	C P 	12	274	75000000
TSLA  	2023	02	24	103	000	C P 	5	130	75000000
TSLA  	2023	02	24	104	000	C P 	12	99	75000000
TSLA  	2023	02	24	105	000	C P 	38	1807	75000000
TSLA  	2023	02	24	106	000	C P 	7	524	75000000
TSLA  	2023	02	24	107	000	C P 	8	537	75000000
TSLA  	2023	02	24	108	000	C P 	10	218	75000000
TSLA  	2023	02	24	109	000	C P 	9	172	75000000
TSLA  	2023	02	24	110	000	C P 	297	1107	75000000
TSLA  	2023	02	24	111	000	C P 	44	444	75000000
TSLA  	2023	02	24	112	000	C P 	43	431	75000000
TSLA  	2023	02	24	113	000	C P 	33	548	75000000
TSLA  	2023	02	24	114	000	C P 	393	594	75000000
TSLA  	2023	02	24	115	000	C P 	357	878	75000000
TSLA  	2023	02	24	116	000	C P 	272	348	75000000
TSLA  	2023	02	24	117	000	C P 	281	273	75000000
TSLA  	2023	02	24	118	000	C P 	140	371	75000000
TSLA  	2023	02	24	119	000	C P 	276	571	75000000
TSLA  	2023	02	24	120	000	C P 	454	1210	75000000
TSLA  	2023	02	24	121	000	C P 	315	450	75000000
TSLA  	2023	02	24	122	000	C P 	340	624	75000000
TSLA  	2023	02	24	123	000	C P 	384	556	75000000
TSLA  	2023	02	24	124	000	C P 	146	283	75000000
TSLA  	2023	02	24	125	000	C P 	511	1509	75000000
TSLA  	2023	02	24	126	000	C P 	162	405	75000000
TSLA  	2023	02	24	127	000	C P 	85	417	75000000
TSLA  	2023	02	24	128	000	C P 	158	294	75000000
TSLA  	2023	02	24	129	000	C P 	255	1215	75000000
TSLA  	2023	02	24	130	000	C P 	2507	1625	75000000
TSLA  	2023	02	24	131	000	C P 	415	232	75000000
TSLA  	2023	02	24	132	000	C P 	262	597	75000000
TSLA  	2023	02	24	133	000	C P 	190	167	75000000
TSLA  	2023	02	24	134	000	C P 	270	512	75000000
TSLA  	2023	02	24	135	000	C P 	1987	469	75000000
TSLA  	2023	02	24	136	000	C P 	86	358	75000000
TSLA  	2023	02	24	137	000	C P 	45	318	75000000
TSLA  	2023	02	24	138	000	C P 	26	175	75000000
TSLA  	2023	02	24	139	000	C P 	271	165	75000000
TSLA  	2023	02	24	140	000	C P 	2606	356	75000000
TSLA  	2023	02	24	141	000	C P 	369	334	75000000
TSLA  	2023	02	24	142	000	C P 	430	507	75000000
TSLA  	2023	02	24	145	000	C P 	1769	851	75000000
TSLA  	2023	02	24	150	000	C P 	2769	135	75000000
TSLA  	2023	02	24	155	000	C P 	1340	55	75000000
TSLA  	2023	02	24	160	000	C P 	2126	66	75000000
TSLA  	2023	02	24	165	000	C P 	2056	171	75000000
TSLA  	2023	02	24	170	000	C P 	1299	74	75000000
TSLA  	2023	02	24	175	000	C P 	1795	14	75000000
TSLA  	2023	02	24	180	000	C P 	855	28	75000000
TSLA  	2023	02	24	185	000	C P 	621	20	75000000
TSLA  	2023	02	24	190	000	C P 	623	0	75000000
TSLA  	2023	02	24	195	000	C P 	292	0	75000000
TSLA  	2023	02	24	200	000	C P 	1931	4	75000000
TSLA  	2023	02	24	205	000	C P 	183	0	75000000
TSLA  	2023	02	24	210	000	C P 	403	0	75000000
TSLA  	2023	02	24	215	000	C P 	152	0	75000000
TSLA  	2023	02	24	220	000	C P 	220	1	75000000
TSLA  	2023	02	24	225	000	C P 	33	0	75000000
TSLA  	2023	02	24	230	000	C P 	360	0	75000000
TSLA  	2023	02	24	235	000	C P 	182	0	75000000
TSLA  	2023	02	24	240	000	C P 	314	1	75000000
TSLA  	2023	02	24	245	000	C P 	407	0	75000000
TSLA  	2023	03	03	15	000	C P 	6	20	75000000
TSLA  	2023	03	03	20	000	C P 	0	0	75000000
TSLA  	2023	03	03	25	000	C P 	1	47	75000000
TSLA  	2023	03	03	30	000	C P 	3	260	75000000
TSLA  	2023	03	03	35	000	C P 	3	0	75000000
TSLA  	2023	03	03	40	000	C P 	0	0	75000000
TSLA  	2023	03	03	45	000	C P 	0	1445	75000000
TSLA  	2023	03	03	50	000	C P 	1	17	75000000
TSLA  	2023	03	03	55	000	C P 	0	37	75000000
TSLA  	2023	03	03	60	000	C P 	4	1034	75000000
TSLA  	2023	03	03	65	000	C P 	2	29	75000000
TSLA  	2023	03	03	70	000	C P 	1	415	75000000
TSLA  	2023	03	03	75	000	C P 	0	137	75000000
TSLA  	2023	03	03	80	000	C P 	107	170	75000000
TSLA  	2023	03	03	85	000	C P 	3	241	75000000
TSLA  	2023	03	03	90	000	C P 	5	242	75000000
TSLA  	2023	03	03	95	000	C P 	6	1699	75000000
TSLA  	2023	03	03	100	000	C P 	40	961	75000000
TSLA  	2023	03	03	105	000	C P 	16	181	75000000
TSLA  	2023	03	03	108	000	C P 	59	294	75000000
TSLA  	2023	03	03	109	000	C P 	0	244	75000000
TSLA  	2023	03	03	110	000	C P 	54	2303	75000000
TSLA  	2023	03	03	111	000	C P 	2	551	75000000
TSLA  	2023	03	03	112	000	C P 	15	546	75000000
TSLA  	2023	03	03	113	000	C P 	26	473	75000000
TSLA  	2023	03	03	114	000	C P 	163	372	75000000
TSLA  	2023	03	03	115	000	C P 	171	442	75000000
TSLA  	2023	03	03	116	000	C P 	153	226	75000000
TSLA  	2023	03	03	117	000	C P 	461	238	75000000
TSLA  	2023	03	03	118	000	C P 	303	195	75000000
TSLA  	2023	03	03	119	000	C P 	305	381	75000000
TSLA  	2023	03	03	120	000	C P 	793	1118	75000000
TSLA  	2023	03	03	121	000	C P 	135	476	75000000
TSLA  	2023	03	03	122	000	C P 	116	707	75000000
TSLA  	2023	03	03	123	000	C P 	269	644	75000000
TSLA  	2023	03	03	124	000	C P 	255	395	75000000
TSLA  	2023	03	03	125	000	C P 	280	477	75000000
TSLA  	2023	03	03	126	000	C P 	666	309	75000000
TSLA  	2023	03	03	127	000	C P 	424	256	75000000
TSLA  	2023	03	03	128	000	C P 	429	869	75000000
TSLA  	2023	03	03	129	000	C P 	646	529	75000000
TSLA  	2023	03	03	130	000	C P 	666	742	75000000
TSLA  	2023	03	03	131	000	C P 	301	772	75000000
TSLA  	2023	03	03	132	000	C P 	821	172	75000000
TSLA  	2023	03	03	133	000	C P 	544	67	75000000
TSLA  	2023	03	03	134	000	C P 	570	151	75000000
TSLA  	2023	03	03	135	000	C P 	893	196	75000000
TSLA  	2023	03	03	136	000	C P 	63	20	75000000
TSLA  	2023	03	03	137	000	C P 	41	26	75000000
TSLA  	2023	03	03	138	000	C P 	132	47	75000000
TSLA  	2023	03	03	139	000	C P 	53	16	75000000
TSLA  	2023	03	03	140	000	C P 	682	128	75000000
TSLA  	2023	03	03	141	000	C P 	66	20	75000000
TSLA  	2023	03	03	142	000	C P 	98	78	75000000
TSLA  	2023	03	03	145	000	C P 	733	389	75000000
TSLA  	2023	03	03	150	000	C P 	1104	215	75000000
TSLA  	2023	03	03	155	000	C P 	1143	23	75000000
TSLA  	2023	03	03	160	000	C P 	434	2438	75000000
TSLA  	2023	03	03	165	000	C P 	715	4	75000000
TSLA  	2023	03	03	170	000	C P 	978	27	75000000
TSLA  	2023	03	03	175	000	C P 	333	28	75000000
TSLA  	2023	03	03	180	000	C P 	571	37	75000000
TSLA  	2023	03	03	185	000	C P 	464	21	75000000
TSLA  	2023	03	03	190	000	C P 	377	1	75000000
TSLA  	2023	03	03	195	000	C P 	61	2	75000000
TSLA  	2023	03	03	200	000	C P 	971	44	75000000
TSLA  	2023	03	03	205	000	C P 	69	2	75000000
TSLA  	2023	03	03	210	000	C P 	68	0	75000000
TSLA  	2023	03	03	215	000	C P 	41	0	75000000
TSLA  	2023	03	03	220	000	C P 	83	0	75000000
TSLA  	2023	03	03	225	000	C P 	107	0	75000000
TSLA  	2023	03	03	230	000	C P 	45	1	75000000
TSLA  	2023	03	03	235	000	C P 	513	0	75000000
TSLA  	2023	03	03	240	000	C P 	232	0	75000000
TSLA  	2023	03	03	245	000	C P 	1693	0	75000000
TSLA  	2023	03	17	1	670	C P 	102	24717	75000000
TSLA  	2023	03	17	3	330	C P 	29	6939	75000000
TSLA  	2023	03	17	5	000	C P 	1	8005	75000000
TSLA  	2023	03	17	6	670	C P 	52	4669	75000000
TSLA  	2023	03	17	8	330	C P 	18	1379	75000000
TSLA  	2023	03	17	10	000	C P 	842	4105	75000000
TSLA  	2023	03	17	11	670	C P 	1711	5414	75000000
TSLA  	2023	03	17	13	330	C P 	1657	2125	75000000
TSLA  	2023	03	17	15	000	C P 	987	5168	75000000
TSLA  	2023	03	17	16	670	C P 	881	15313	75000000
TSLA  	2023	03	17	18	330	C P 	476	11989	75000000
TSLA  	2023	03	17	33	330	C P 	394	29716	75000000
TSLA  	2023	03	17	50	000	C P 	428	19076	75000000
TSLA  	2023	03	17	55	000	C P 	4	4206	75000000
TSLA  	2023	03	17	60	000	C P 	123	3886	75000000
TSLA  	2023	03	17	65	000	C P 	9	1221	75000000
TSLA  	2023	03	17	66	670	C P 	896	18871	75000000
TSLA  	2023	03	17	70	000	C P 	39	4339	75000000
TSLA  	2023	03	17	75	000	C P 	70	4803	75000000
TSLA  	2023	03	17	80	000	C P 	225	11587	75000000
TSLA  	2023	03	17	83	330	C P 	932	5579	75000000
TSLA  	2023	03	17	85	000	C P 	113	4494	75000000
TSLA  	2023	03	17	90	000	C P 	587	16789	75000000
TSLA  	2023	03	17	95	000	C P 	311	2569	75000000
TSLA  	2023	03	17	100	000	C P 	2236	28722	75000000
TSLA  	2023	03	17	105	000	C P 	1498	4376	75000000
TSLA  	2023	03	17	110	000	C P 	3302	10819	75000000
TSLA  	2023	03	17	115	000	C P 	3486	8560	75000000
TSLA  	2023	03	17	116	670	C P 	1620	7389	75000000
TSLA  	2023	03	17	120	000	C P 	8284	7590	75000000
TSLA  	2023	03	17	123	330	C P 	2837	6681	75000000
TSLA  	2023	03	17	125	000	C P 	3891	7482	75000000
TSLA  	2023	03	17	126	670	C P 	1725	4603	75000000
TSLA  	2023	03	17	130	000	C P 	10525	9307	75000000
TSLA  	2023	03	17	133	330	C P 	3529	9782	75000000
TSLA  	2023	03	17	135	000	C P 	28738	26099	75000000
TSLA  	2023	03	17	136	670	C P 	2853	3131	75000000
TSLA  	2023	03	17	140	000	C P 	7712	8935	75000000
TSLA  	2023	03	17	143	330	C P 	2677	4344	75000000
TSLA  	2023	03	17	145	000	C P 	2860	1708	75000000
TSLA  	2023	03	17	146	670	C P 	2050	3480	75000000
TSLA  	2023	03	17	150	000	C P 	14309	12221	75000000
TSLA  	2023	03	17	153	330	C P 	1768	1718	75000000
TSLA  	2023	03	17	155	000	C P 	4503	397	75000000
TSLA  	2023	03	17	156	670	C P 	1943	2307	75000000
TSLA  	2023	03	17	160	000	C P 	8591	16303	75000000
TSLA  	2023	03	17	163	330	C P 	2987	3324	75000000
TSLA  	2023	03	17	165	000	C P 	5563	277	75000000
TSLA  	2023	03	17	166	670	C P 	5612	10513	75000000
TSLA  	2023	03	17	170	000	C P 	13410	12284	75000000
TSLA  	2023	03	17	173	330	C P 	5958	14311	75000000
TSLA  	2023	03	17	175	000	C P 	1803	521	75000000
TSLA  	2023	03	17	176	670	C P 	1666	1916	75000000
TSLA  	2023	03	17	180	000	C P 	17458	7362	75000000
TSLA  	2023	03	17	183	330	C P 	2925	6584	75000000
TSLA  	2023	03	17	185	000	C P 	1024	210	75000000
TSLA  	2023	03	17	186	670	C P 	1786	3741	75000000
TSLA  	2023	03	17	190	000	C P 	4595	3900	75000000
TSLA  	2023	03	17	193	330	C P 	1210	2104	75000000
TSLA  	2023	03	17	195	000	C P 	2814	189	75000000
TSLA  	2023	03	17	196	670	C P 	1205	720	75000000
TSLA  	2023	03	17	198	330	C P 	1158	1449	75000000
TSLA  	2023	03	17	200	000	C P 	19921	25558	75000000
TSLA  	2023	03	17	201	670	C P 	977	787	75000000
TSLA  	2023	03	17	203	330	C P 	939	690	75000000
TSLA  	2023	03	17	205	000	C P 	2542	147	75000000
TSLA  	2023	03	17	206	670	C P 	680	1722	75000000
TSLA  	2023	03	17	208	330	C P 	2257	561	75000000
TSLA  	2023	03	17	210	000	C P 	5257	891	75000000
TSLA  	2023	03	17	211	670	C P 	652	448	75000000
TSLA  	2023	03	17	213	330	C P 	628	343	75000000
TSLA  	2023	03	17	215	000	C P 	2765	454	75000000
TSLA  	2023	03	17	216	670	C P 	5205	2745	75000000
TSLA  	2023	03	17	218	330	C P 	673	0	75000000
TSLA  	2023	03	17	220	000	C P 	4538	673	75000000
TSLA  	2023	03	17	221	670	C P 	679	64	75000000
TSLA  	2023	03	17	223	330	C P 	784	105	75000000
TSLA  	2023	03	17	225	000	C P 	5864	645	75000000
TSLA  	2023	03	17	226	670	C P 	1788	126	75000000
TSLA  	2023	03	17	228	330	C P 	5230	6	75000000
TSLA  	2023	03	17	230	000	C P 	4775	615	75000000
TSLA  	2023	03	17	231	670	C P 	978	40	75000000
TSLA  	2023	03	17	233	330	C P 	6756	418	75000000
TSLA  	2023	03	17	235	000	C P 	2920	6	75000000
TSLA  	2023	03	17	236	670	C P 	1020	10	75000000
TSLA  	2023	03	17	238	330	C P 	497	8	75000000
TSLA  	2023	03	17	240	000	C P 	3020	38	75000000
TSLA  	2023	03	17	241	670	C P 	582	10	75000000
TSLA  	2023	03	17	243	330	C P 	955	78	75000000
TSLA  	2023	03	17	245	000	C P 	1310	16	75000000
TSLA  	2023	03	17	246	670	C P 	758	21	75000000
TSLA  	2023	03	17	248	330	C P 	512	29	75000000
TSLA  	2023	03	17	250	000	C P 	14266	463	75000000
TSLA  	2023	03	17	251	670	C P 	871	35	75000000
TSLA  	2023	03	17	253	330	C P 	553	8	75000000
TSLA  	2023	03	17	255	000	C P 	817	10	75000000
TSLA  	2023	03	17	256	670	C P 	588	11	75000000
TSLA  	2023	03	17	258	330	C P 	585	8	75000000
TSLA  	2023	03	17	260	000	C P 	3773	37	75000000
TSLA  	2023	03	17	261	670	C P 	1087	12	75000000
TSLA  	2023	03	17	263	330	C P 	466	46	75000000
TSLA  	2023	03	17	265	000	C P 	852	11	75000000
TSLA  	2023	03	17	266	670	C P 	9881	256	75000000
TSLA  	2023	03	17	270	000	C P 	3302	36	75000000
TSLA  	2023	03	17	273	330	C P 	8593	61	75000000
TSLA  	2023	03	17	276	670	C P 	1185	21	75000000
TSLA  	2023	03	17	280	000	C P 	2150	126	75000000
TSLA  	2023	03	17	283	330	C P 	7664	43	75000000
TSLA  	2023	03	17	286	670	C P 	1447	13	75000000
TSLA  	2023	03	17	290	000	C P 	2810	96	75000000
TSLA  	2023	03	17	293	330	C P 	7092	327	75000000
TSLA  	2023	03	17	295	000	C P 	1813	7	75000000
TSLA  	2023	03	17	296	670	C P 	708	15	75000000
TSLA  	2023	03	17	298	330	C P 	950	3	75000000
TSLA  	2023	03	17	300	000	C P 	67131	78	75000000
TSLA  	2023	03	17	301	670	C P 	1123	19	75000000
TSLA  	2023	03	17	303	330	C P 	1202	8	75000000
TSLA  	2023	03	17	305	000	C P 	2711	12	75000000
TSLA  	2023	03	17	306	670	C P 	1913	5	75000000
TSLA  	2023	03	17	308	330	C P 	4842	5	75000000
TSLA  	2023	03	17	310	000	C P 	4155	16	75000000
TSLA  	2023	03	17	311	670	C P 	2005	7	75000000
TSLA  	2023	03	17	313	330	C P 	3895	2	75000000
TSLA  	2023	03	17	316	670	C P 	30520	16	75000000
TSLA  	2023	03	17	320	000	C P 	14780	2	75000000
TSLA  	2023	03	17	323	330	C P 	283	3	75000000
TSLA  	2023	03	17	326	670	C P 	714	0	75000000
TSLA  	2023	03	17	330	000	C P 	2579	1	75000000
TSLA  	2023	03	17	333	330	C P 	23026	32	75000000
TSLA  	2023	03	17	336	670	C P 	472	0	75000000
TSLA  	2023	03	17	340	000	C P 	4917	0	75000000
TSLA  	2023	03	17	343	330	C P 	1884	0	75000000
TSLA  	2023	03	17	346	670	C P 	833	0	75000000
TSLA  	2023	03	17	350	000	C P 	9852	5	75000000
TSLA  	2023	03	17	353	330	C P 	389	0	75000000
TSLA  	2023	03	17	356	670	C P 	484	0	75000000
TSLA  	2023	03	17	360	000	C P 	1778	0	75000000
TSLA  	2023	03	17	363	330	C P 	493	0	75000000
TSLA  	2023	03	17	366	670	C P 	7860	0	75000000
TSLA  	2023	03	17	370	000	C P 	1092	0	75000000
TSLA  	2023	03	17	373	330	C P 	650	0	75000000
TSLA  	2023	03	17	383	330	C P 	12373	0	75000000
TSLA  	2023	03	17	400	000	C P 	25663	0	75000000
TSLA  	2023	03	17	416	670	C P 	13241	0	75000000
TSLA  	2023	03	17	433	330	C P 	19429	0	75000000
TSLA  	2023	03	17	441	670	C P 	1908	0	75000000
TSLA  	2023	03	17	450	000	C P 	4953	0	75000000
TSLA  	2023	03	17	458	330	C P 	2354	0	75000000
TSLA  	2023	03	17	466	670	C P 	3338	4	75000000
TSLA  	2023	03	17	475	000	C P 	3509	0	75000000
TSLA  	2023	03	17	483	330	C P 	1857	0	75000000
TSLA  	2023	03	17	491	670	C P 	2500	0	75000000
TSLA  	2023	03	17	500	000	C P 	12269	6	75000000
TSLA  	2023	03	17	508	330	C P 	1554	0	75000000
TSLA  	2023	03	17	516	670	C P 	824	0	75000000
TSLA  	2023	03	17	525	000	C P 	4353	0	75000000
TSLA  	2023	03	17	533	330	C P 	4691	0	75000000
TSLA  	2023	03	17	541	670	C P 	896	0	75000000
TSLA  	2023	03	17	550	000	C P 	4106	0	75000000
TSLA  	2023	03	17	558	330	C P 	3730	0	75000000
TSLA  	2023	03	17	566	670	C P 	7941	0	75000000
TSLA  	2023	03	17	575	000	C P 	12130	0	75000000
TSLA  	2023	03	17	583	330	C P 	2616	0	75000000
TSLA  	2023	03	17	591	670	C P 	1481	0	75000000
TSLA  	2023	03	17	600	000	C P 	5474	0	75000000
TSLA  	2023	03	17	608	330	C P 	526	0	75000000
TSLA  	2023	03	17	616	670	C P 	4200	0	75000000
TSLA  	2023	03	17	625	000	C P 	890	0	75000000
TSLA  	2023	03	17	633	330	C P 	2382	0	75000000
TSLA  	2023	03	17	641	670	C P 	1210	0	75000000
TSLA  	2023	03	17	650	000	C P 	8059	0	75000000
TSLA  	2023	03	17	666	670	C P 	70061	0	75000000
TSLA  	2023	03	17	675	000	C P 	21584	0	75000000
TSLA  	2023	03	17	683	330	C P 	3607	0	75000000
TSLA  	2023	03	17	691	670	C P 	774	0	75000000
TSLA  	2023	03	17	700	000	C P 	3423	0	75000000
TSLA  	2023	03	17	708	330	C P 	420	0	75000000
TSLA  	2023	03	17	716	670	C P 	626	0	75000000
TSLA  	2023	03	17	725	000	C P 	779	0	75000000
TSLA  	2023	03	17	733	330	C P 	1675	0	75000000
TSLA  	2023	03	17	741	670	C P 	748	0	75000000
TSLA  	2023	03	17	750	000	C P 	697	0	75000000
TSLA  	2023	03	17	758	330	C P 	1234	0	75000000
TSLA  	2023	03	17	766	670	C P 	1223	0	75000000
TSLA  	2023	03	17	775	000	C P 	831	0	75000000
TSLA  	2023	03	17	783	330	C P 	1231	0	75000000
TSLA  	2023	03	17	791	670	C P 	1357	0	75000000
TSLA  	2023	03	17	800	000	C P 	5212	0	75000000
TSLA  	2023	03	17	808	330	C P 	1835	0	75000000
TSLA  	2023	03	17	816	670	C P 	2268	0	75000000
TSLA  	2023	03	17	825	000	C P 	57318	0	75000000
TSLA  	2023	04	21	5	000	C P 	2	0	75000000
TSLA  	2023	04	21	10	000	C P 	0	1	75000000
TSLA  	2023	04	21	15	000	C P 	0	0	75000000
TSLA  	2023	04	21	20	000	C P 	1	9	75000000
TSLA  	2023	04	21	25	000	C P 	2	1455	75000000
TSLA  	2023	04	21	30	000	C P 	0	99	75000000
TSLA  	2023	04	21	35	000	C P 	0	303	75000000
TSLA  	2023	04	21	40	000	C P 	0	111	75000000
TSLA  	2023	04	21	45	000	C P 	0	101	75000000
TSLA  	2023	04	21	50	000	C P 	69	4266	75000000
TSLA  	2023	04	21	55	000	C P 	14	2569	75000000
TSLA  	2023	04	21	60	000	C P 	19	1777	75000000
TSLA  	2023	04	21	65	000	C P 	46	1671	75000000
TSLA  	2023	04	21	70	000	C P 	112	4411	75000000
TSLA  	2023	04	21	75	000	C P 	126	13285	75000000
TSLA  	2023	04	21	80	000	C P 	25231	4254	75000000
TSLA  	2023	04	21	85	000	C P 	93	2870	75000000
TSLA  	2023	04	21	90	000	C P 	321	1852	75000000
TSLA  	2023	04	21	95	000	C P 	106	7699	75000000
TSLA  	2023	04	21	100	000	C P 	2001	21399	75000000
TSLA  	2023	04	21	105	000	C P 	368	2305	75000000
TSLA  	2023	04	21	108	330	C P 	985	4923	75000000
TSLA  	2023	04	21	110	000	C P 	1143	4059	75000000
TSLA  	2023	04	21	115	000	C P 	1514	4120	75000000
TSLA  	2023	04	21	116	670	C P 	2768	10348	75000000
TSLA  	2023	04	21	120	000	C P 	7533	6800	75000000
TSLA  	2023	04	21	125	000	C P 	11521	9069	75000000
TSLA  	2023	04	21	130	000	C P 	1694	4922	75000000
TSLA  	2023	04	21	133	330	C P 	4683	3980	75000000
TSLA  	2023	04	21	135	000	C P 	2085	1006	75000000
TSLA  	2023	04	21	140	000	C P 	3333	1342	75000000
TSLA  	2023	04	21	141	670	C P 	6410	3739	75000000
TSLA  	2023	04	21	145	000	C P 	2461	1017	75000000
TSLA  	2023	04	21	150	000	C P 	7756	11535	75000000
TSLA  	2023	04	21	155	000	C P 	1277	455	75000000
TSLA  	2023	04	21	158	330	C P 	3105	3828	75000000
TSLA  	2023	04	21	160	000	C P 	4315	333	75000000
TSLA  	2023	04	21	165	000	C P 	1355	39	75000000
TSLA  	2023	04	21	166	670	C P 	3234	5102	75000000
TSLA  	2023	04	21	170	000	C P 	1410	159	75000000
TSLA  	2023	04	21	175	000	C P 	9630	6205	75000000
TSLA  	2023	04	21	180	000	C P 	1762	73	75000000
TSLA  	2023	04	21	183	330	C P 	2529	3028	75000000
TSLA  	2023	04	21	185	000	C P 	352	51	75000000
TSLA  	2023	04	21	190	000	C P 	205	25	75000000
TSLA  	2023	04	21	191	670	C P 	3347	4159	75000000
TSLA  	2023	04	21	200	000	C P 	8219	5618	75000000
TSLA  	2023	04	21	208	330	C P 	5195	2201	75000000
TSLA  	2023	04	21	216	670	C P 	963	2113	75000000
TSLA  	2023	04	21	225	000	C P 	4827	2119	75000000
TSLA  	2023	04	21	233	330	C P 	1549	495	75000000
TSLA  	2023	04	21	240	000	C P 	2397	119	75000000
TSLA  	2023	04	21	241	670	C P 	780	13	75000000
TSLA  	2023	04	21	243	330	C P 	768	11	75000000
TSLA  	2023	04	21	245	000	C P 	1266	61	75000000
TSLA  	2023	04	21	246	670	C P 	484	29	75000000
TSLA  	2023	04	21	248	330	C P 	648	232	75000000
TSLA  	2023	04	21	250	000	C P 	6773	220	75000000
TSLA  	2023	04	21	251	670	C P 	1258	25	75000000
TSLA  	2023	04	21	253	330	C P 	467	12	75000000
TSLA  	2023	04	21	255	000	C P 	1031	17	75000000
TSLA  	2023	04	21	258	330	C P 	694	21	75000000
TSLA  	2023	04	21	266	670	C P 	1818	83	75000000
TSLA  	2023	04	21	275	000	C P 	1902	35	75000000
TSLA  	2023	04	21	283	330	C P 	1276	27	75000000
TSLA  	2023	04	21	291	670	C P 	3134	0	75000000
TSLA  	2023	04	21	300	000	C P 	7183	13	75000000
TSLA  	2023	04	21	308	330	C P 	4528	24	75000000
TSLA  	2023	04	21	316	670	C P 	20906	0	75000000
TSLA  	2023	04	21	325	000	C P 	2255	0	75000000
TSLA  	2023	04	21	333	330	C P 	4338	0	75000000
TSLA  	2023	04	21	341	670	C P 	600	0	75000000
TSLA  	2023	04	21	350	000	C P 	3074	0	75000000
TSLA  	2023	04	21	358	330	C P 	978	0	75000000
TSLA  	2023	04	21	366	670	C P 	1018	0	75000000
TSLA  	2023	04	21	375	000	C P 	1142	8	75000000
TSLA  	2023	04	21	383	330	C P 	720	0	75000000
TSLA  	2023	04	21	391	670	C P 	443	0	75000000
TSLA  	2023	04	21	400	000	C P 	2421	0	75000000
TSLA  	2023	04	21	408	330	C P 	270	0	75000000
TSLA  	2023	04	21	416	670	C P 	1146	0	75000000
TSLA  	2023	04	21	425	000	C P 	4762	0	75000000
TSLA  	2023	04	21	433	330	C P 	2886	0	75000000
TSLA  	2023	04	21	441	670	C P 	676	0	75000000
TSLA  	2023	04	21	450	000	C P 	2448	0	75000000
TSLA  	2023	04	21	458	330	C P 	4053	0	75000000
TSLA  	2023	04	21	466	670	C P 	449	0	75000000
TSLA  	2023	04	21	475	000	C P 	1682	0	75000000
TSLA  	2023	04	21	483	330	C P 	1002	0	75000000
TSLA  	2023	04	21	491	670	C P 	250	0	75000000
TSLA  	2023	04	21	500	000	C P 	2021	0	75000000
TSLA  	2023	04	21	508	330	C P 	821	0	75000000
TSLA  	2023	04	21	516	670	C P 	559	0	75000000
TSLA  	2023	04	21	525	000	C P 	285	0	75000000
TSLA  	2023	04	21	533	330	C P 	343	0	75000000
TSLA  	2023	04	21	541	670	C P 	288	0	75000000
TSLA  	2023	04	21	550	000	C P 	10685	0	75000000
TSLA  	2023	04	21	558	330	C P 	98	0	75000000
TSLA  	2023	04	21	566	670	C P 	447	0	75000000
TSLA  	2023	04	21	575	000	C P 	1151	0	75000000
TSLA  	2023	04	21	583	330	C P 	854	0	75000000
TSLA  	2023	04	21	600	000	C P 	14124	0	75000000
TSLA  	2023	05	19	50	000	C P 	59	1938	75000000
TSLA  	2023	05	19	55	000	C P 	51	610	75000000
TSLA  	2023	05	19	60	000	C P 	156	483	75000000
TSLA  	2023	05	19	65	000	C P 	65	361	75000000
TSLA  	2023	05	19	70	000	C P 	178	561	75000000
TSLA  	2023	05	19	75	000	C P 	132	849	75000000
TSLA  	2023	05	19	80	000	C P 	84	1744	75000000
TSLA  	2023	05	19	85	000	C P 	69	1531	75000000
TSLA  	2023	05	19	90	000	C P 	218	2536	75000000
TSLA  	2023	05	19	95	000	C P 	139	1398	75000000
TSLA  	2023	05	19	100	000	C P 	1032	3711	75000000
TSLA  	2023	05	19	105	000	C P 	277	6183	75000000
TSLA  	2023	05	19	110	000	C P 	15963	2238	75000000
TSLA  	2023	05	19	115	000	C P 	1346	2089	75000000
TSLA  	2023	05	19	120	000	C P 	2216	2243	75000000
TSLA  	2023	05	19	125	000	C P 	3653	3005	75000000
TSLA  	2023	05	19	130	000	C P 	2699	2513	75000000
TSLA  	2023	05	19	135	000	C P 	2072	1613	75000000
TSLA  	2023	05	19	140	000	C P 	1999	3274	75000000
TSLA  	2023	05	19	145	000	C P 	2594	1343	75000000
TSLA  	2023	05	19	150	000	C P 	3850	1693	75000000
TSLA  	2023	05	19	155	000	C P 	1251	396	75000000
TSLA  	2023	05	19	160	000	C P 	2584	1802	75000000
TSLA  	2023	05	19	165	000	C P 	899	262	75000000
TSLA  	2023	05	19	170	000	C P 	1811	1539	75000000
TSLA  	2023	05	19	175	000	C P 	1018	375	75000000
TSLA  	2023	05	19	180	000	C P 	2610	822	75000000
TSLA  	2023	05	19	185	000	C P 	813	216	75000000
TSLA  	2023	05	19	190	000	C P 	521	454	75000000
TSLA  	2023	05	19	195	000	C P 	1441	455	75000000
TSLA  	2023	05	19	200	000	C P 	3024	739	75000000
TSLA  	2023	06	16	1	670	C P 	112	41907	75000000
TSLA  	2023	06	16	3	330	C P 	402	5010	75000000
TSLA  	2023	06	16	5	000	C P 	108	1664	75000000
TSLA  	2023	06	16	6	670	C P 	75	1304	75000000
TSLA  	2023	06	16	8	330	C P 	425	2367	75000000
TSLA  	2023	06	16	10	000	C P 	3237	3701	75000000
TSLA  	2023	06	16	11	670	C P 	155	8303	75000000
TSLA  	2023	06	16	13	330	C P 	1234	5395	75000000
TSLA  	2023	06	16	15	000	C P 	167	2363	75000000
TSLA  	2023	06	16	16	670	C P 	489	9415	75000000
TSLA  	2023	06	16	18	330	C P 	91	4706	75000000
TSLA  	2023	06	16	33	330	C P 	865	12730	75000000
TSLA  	2023	06	16	50	000	C P 	1213	16289	75000000
TSLA  	2023	06	16	55	000	C P 	31	7779	75000000
TSLA  	2023	06	16	60	000	C P 	15	838	75000000
TSLA  	2023	06	16	65	000	C P 	4	875	75000000
TSLA  	2023	06	16	66	670	C P 	1040	15087	75000000
TSLA  	2023	06	16	70	000	C P 	50	4172	75000000
TSLA  	2023	06	16	75	000	C P 	80	5063	75000000
TSLA  	2023	06	16	80	000	C P 	174	3406	75000000
TSLA  	2023	06	16	83	330	C P 	727	6015	75000000
TSLA  	2023	06	16	85	000	C P 	110	3905	75000000
TSLA  	2023	06	16	90	000	C P 	246	3029	75000000
TSLA  	2023	06	16	95	000	C P 	164	1607	75000000
TSLA  	2023	06	16	100	000	C P 	3693	26503	75000000
TSLA  	2023	06	16	105	000	C P 	320	5289	75000000
TSLA  	2023	06	16	110	000	C P 	1224	5217	75000000
TSLA  	2023	06	16	115	000	C P 	592	2683	75000000
TSLA  	2023	06	16	116	670	C P 	1806	5061	75000000
TSLA  	2023	06	16	120	000	C P 	3560	3290	75000000
TSLA  	2023	06	16	123	330	C P 	410	1160	75000000
TSLA  	2023	06	16	125	000	C P 	4138	7269	75000000
TSLA  	2023	06	16	126	670	C P 	907	1335	75000000
TSLA  	2023	06	16	130	000	C P 	3965	8868	75000000
TSLA  	2023	06	16	133	330	C P 	2664	9971	75000000
TSLA  	2023	06	16	135	000	C P 	2890	2294	75000000
TSLA  	2023	06	16	136	670	C P 	1055	1437	75000000
TSLA  	2023	06	16	140	000	C P 	8089	5374	75000000
TSLA  	2023	06	16	143	330	C P 	1291	3345	75000000
TSLA  	2023	06	16	145	000	C P 	3281	1805	75000000
TSLA  	2023	06	16	146	670	C P 	743	1133	75000000
TSLA  	2023	06	16	150	000	C P 	12666	7569	75000000
TSLA  	2023	06	16	153	330	C P 	2474	1559	75000000
TSLA  	2023	06	16	155	000	C P 	1175	2201	75000000
TSLA  	2023	06	16	156	670	C P 	1203	626	75000000
TSLA  	2023	06	16	160	000	C P 	7341	3758	75000000
TSLA  	2023	06	16	163	330	C P 	892	1013	75000000
TSLA  	2023	06	16	165	000	C P 	1887	753	75000000
TSLA  	2023	06	16	166	670	C P 	3739	13343	75000000
TSLA  	2023	06	16	170	000	C P 	2749	1055	75000000
TSLA  	2023	06	16	173	330	C P 	1248	6681	75000000
TSLA  	2023	06	16	175	000	C P 	2198	3360	75000000
TSLA  	2023	06	16	180	000	C P 	6167	4821	75000000
TSLA  	2023	06	16	183	330	C P 	10030	9542	75000000
TSLA  	2023	06	16	185	000	C P 	4149	5179	75000000
TSLA  	2023	06	16	186	670	C P 	796	1373	75000000
TSLA  	2023	06	16	190	000	C P 	3324	3956	75000000
TSLA  	2023	06	16	193	330	C P 	1667	8161	75000000
TSLA  	2023	06	16	195	000	C P 	1683	1047	75000000
TSLA  	2023	06	16	200	000	C P 	22733	22714	75000000
TSLA  	2023	06	16	205	000	C P 	2193	821	75000000
TSLA  	2023	06	16	206	670	C P 	1655	3377	75000000
TSLA  	2023	06	16	210	000	C P 	2782	644	75000000
TSLA  	2023	06	16	213	330	C P 	1107	2136	75000000
TSLA  	2023	06	16	215	000	C P 	2165	694	75000000
TSLA  	2023	06	16	216	670	C P 	7520	6224	75000000
TSLA  	2023	06	16	220	000	C P 	7124	7686	75000000
TSLA  	2023	06	16	225	000	C P 	1000	1176	75000000
TSLA  	2023	06	16	226	670	C P 	1064	1934	75000000
TSLA  	2023	06	16	230	000	C P 	3208	2865	75000000
TSLA  	2023	06	16	233	330	C P 	10435	7255	75000000
TSLA  	2023	06	16	235	000	C P 	1198	667	75000000
TSLA  	2023	06	16	240	000	C P 	3041	3142	75000000
TSLA  	2023	06	16	243	330	C P 	1301	1708	75000000
TSLA  	2023	06	16	245	000	C P 	1148	31	75000000
TSLA  	2023	06	16	246	670	C P 	3170	85	75000000
TSLA  	2023	06	16	250	000	C P 	15761	3003	75000000
TSLA  	2023	06	16	253	330	C P 	1002	197	75000000
TSLA  	2023	06	16	255	000	C P 	1027	49	75000000
TSLA  	2023	06	16	260	000	C P 	4695	56	75000000
TSLA  	2023	06	16	265	000	C P 	1687	1	75000000
TSLA  	2023	06	16	266	670	C P 	6548	405	75000000
TSLA  	2023	06	16	270	000	C P 	633	0	75000000
TSLA  	2023	06	16	273	330	C P 	727	1050	75000000
TSLA  	2023	06	16	275	000	C P 	1174	3	75000000
TSLA  	2023	06	16	280	000	C P 	3544	58	75000000
TSLA  	2023	06	16	283	330	C P 	4599	49	75000000
TSLA  	2023	06	16	285	000	C P 	665	0	75000000
TSLA  	2023	06	16	286	670	C P 	750	30	75000000
TSLA  	2023	06	16	290	000	C P 	405	0	75000000
TSLA  	2023	06	16	293	330	C P 	1766	57	75000000
TSLA  	2023	06	16	295	000	C P 	253	4	75000000
TSLA  	2023	06	16	300	000	C P 	15374	249	75000000
TSLA  	2023	06	16	305	000	C P 	503	0	75000000
TSLA  	2023	06	16	306	670	C P 	1164	18	75000000
TSLA  	2023	06	16	310	000	C P 	498	0	75000000
TSLA  	2023	06	16	313	330	C P 	500	15	75000000
TSLA  	2023	06	16	315	000	C P 	296	0	75000000
TSLA  	2023	06	16	316	670	C P 	6594	240	75000000
TSLA  	2023	06	16	320	000	C P 	2342	2	75000000
TSLA  	2023	06	16	326	670	C P 	9495	6	75000000
TSLA  	2023	06	16	330	000	C P 	1056	0	75000000
TSLA  	2023	06	16	333	330	C P 	34249	219	75000000
TSLA  	2023	06	16	340	000	C P 	1422	3	75000000
TSLA  	2023	06	16	346	670	C P 	1072	0	75000000
TSLA  	2023	06	16	350	000	C P 	8537	330	75000000
TSLA  	2023	06	16	353	330	C P 	737	0	75000000
TSLA  	2023	06	16	360	000	C P 	2341	0	75000000
TSLA  	2023	06	16	366	670	C P 	11511	450	75000000
TSLA  	2023	06	16	370	000	C P 	535	0	75000000
TSLA  	2023	06	16	383	330	C P 	13757	0	75000000
TSLA  	2023	06	16	400	000	C P 	20053	900	75000000
TSLA  	2023	06	16	416	670	C P 	3638	0	75000000
TSLA  	2023	06	16	433	330	C P 	9944	0	75000000
TSLA  	2023	06	16	450	000	C P 	7137	0	75000000
TSLA  	2023	06	16	466	670	C P 	20502	0	75000000
TSLA  	2023	06	16	483	330	C P 	8264	0	75000000
TSLA  	2023	06	16	500	000	C P 	25700	0	75000000
TSLA  	2023	06	16	516	670	C P 	2518	0	75000000
TSLA  	2023	06	16	533	330	C P 	5073	0	75000000
TSLA  	2023	06	16	550	000	C P 	7318	0	75000000
TSLA  	2023	06	16	558	330	C P 	1684	0	75000000
TSLA  	2023	06	16	566	670	C P 	1364	0	75000000
TSLA  	2023	06	16	575	000	C P 	698	0	75000000
TSLA  	2023	06	16	583	330	C P 	615	0	75000000
TSLA  	2023	06	16	591	670	C P 	394	0	75000000
TSLA  	2023	06	16	600	000	C P 	6365	0	75000000
TSLA  	2023	06	16	608	330	C P 	1066	0	75000000
TSLA  	2023	06	16	616	670	C P 	622	0	75000000
TSLA  	2023	06	16	625	000	C P 	2179	0	75000000
TSLA  	2023	06	16	633	330	C P 	5490	0	75000000
TSLA  	2023	06	16	641	670	C P 	487	0	75000000
TSLA  	2023	06	16	650	000	C P 	478	0	75000000
TSLA  	2023	06	16	666	670	C P 	18279	0	75000000
TSLA  	2023	06	16	675	000	C P 	780	0	75000000
TSLA  	2023	06	16	683	330	C P 	470	0	75000000
TSLA  	2023	06	16	691	670	C P 	819	0	75000000
TSLA  	2023	06	16	700	000	C P 	1858	0	75000000
TSLA  	2023	06	16	708	330	C P 	535	0	75000000
TSLA  	2023	06	16	716	670	C P 	773	0	75000000
TSLA  	2023	06	16	725	000	C P 	1059	0	75000000
TSLA  	2023	06	16	733	330	C P 	2344	0	75000000
TSLA  	2023	06	16	741	670	C P 	553	0	75000000
TSLA  	2023	06	16	750	000	C P 	11867	0	75000000
TSLA  	2023	06	16	758	330	C P 	1304	0	75000000
TSLA  	2023	06	16	766	670	C P 	1310	0	75000000
TSLA  	2023	06	16	775	000	C P 	1220	0	75000000
TSLA  	2023	06	16	783	330	C P 	2195	0	75000000
TSLA  	2023	06	16	791	670	C P 	1648	0	75000000
TSLA  	2023	06	16	800	000	C P 	8647	1	75000000
TSLA  	2023	06	16	808	330	C P 	1281	0	75000000
TSLA  	2023	06	16	816	670	C P 	2133	0	75000000
TSLA  	2023	06	16	825	000	C P 	34831	0	75000000
TSLA  	2023	07	21	5	000	C P 	32	457	75000000
TSLA  	2023	07	21	10	000	C P 	5	891	75000000
TSLA  	2023	07	21	15	000	C P 	4	308	75000000
TSLA  	2023	07	21	20	000	C P 	12	1209	75000000
TSLA  	2023	07	21	25	000	C P 	24	886	75000000
TSLA  	2023	07	21	30	000	C P 	110	1170	75000000
TSLA  	2023	07	21	35	000	C P 	41	723	75000000
TSLA  	2023	07	21	40	000	C P 	15	1102	75000000
TSLA  	2023	07	21	45	000	C P 	34	223	75000000
TSLA  	2023	07	21	50	000	C P 	66	1812	75000000
TSLA  	2023	07	21	55	000	C P 	86	2023	75000000
TSLA  	2023	07	21	60	000	C P 	94	3029	75000000
TSLA  	2023	07	21	65	000	C P 	74	410	75000000
TSLA  	2023	07	21	70	000	C P 	24	1775	75000000
TSLA  	2023	07	21	75	000	C P 	64	4216	75000000
TSLA  	2023	07	21	80	000	C P 	84	3816	75000000
TSLA  	2023	07	21	85	000	C P 	57	1332	75000000
TSLA  	2023	07	21	90	000	C P 	121	3512	75000000
TSLA  	2023	07	21	95	000	C P 	71	1386	75000000
TSLA  	2023	07	21	100	000	C P 	341	4408	75000000
TSLA  	2023	07	21	105	000	C P 	327	2374	75000000
TSLA  	2023	07	21	110	000	C P 	1123	2965	75000000
TSLA  	2023	07	21	115	000	C P 	493	960	75000000
TSLA  	2023	07	21	120	000	C P 	1346	3593	75000000
TSLA  	2023	07	21	125	000	C P 	1401	1231	75000000
TSLA  	2023	07	21	130	000	C P 	1264	1351	75000000
TSLA  	2023	07	21	135	000	C P 	1097	2442	75000000
TSLA  	2023	07	21	140	000	C P 	1332	2153	75000000
TSLA  	2023	07	21	145	000	C P 	1130	1589	75000000
TSLA  	2023	07	21	150	000	C P 	3581	2106	75000000
TSLA  	2023	07	21	155	000	C P 	1374	2019	75000000
TSLA  	2023	07	21	160	000	C P 	1167	1438	75000000
TSLA  	2023	07	21	165	000	C P 	415	1062	75000000
TSLA  	2023	07	21	170	000	C P 	1375	1895	75000000
TSLA  	2023	07	21	175	000	C P 	1167	733	75000000
TSLA  	2023	07	21	180	000	C P 	1095	752	75000000
TSLA  	2023	07	21	185	000	C P 	664	12638	75000000
TSLA  	2023	07	21	190	000	C P 	836	1535	75000000
TSLA  	2023	07	21	195	000	C P 	881	1662	75000000
TSLA  	2023	07	21	200	000	C P 	2686	1639	75000000
TSLA  	2023	07	21	205	000	C P 	552	598	75000000
TSLA  	2023	07	21	210	000	C P 	3558	359	75000000
TSLA  	2023	07	21	215	000	C P 	1203	142	75000000
TSLA  	2023	07	21	220	000	C P 	1032	185	75000000
TSLA  	2023	07	21	225	000	C P 	197	761	75000000
TSLA  	2023	07	21	230	000	C P 	520	664	75000000
TSLA  	2023	07	21	235	000	C P 	346	509	75000000
TSLA  	2023	07	21	240	000	C P 	923	1593	75000000
TSLA  	2023	07	21	245	000	C P 	286	635	75000000
TSLA  	2023	07	21	250	000	C P 	24884	1273	75000000
TSLA  	2023	07	21	255	000	C P 	491	379	75000000
TSLA  	2023	07	21	260	000	C P 	174	11	75000000
TSLA  	2023	07	21	265	000	C P 	145	1	75000000
TSLA  	2023	07	21	270	000	C P 	240	3	75000000
TSLA  	2023	07	21	275	000	C P 	159	0	75000000
TSLA  	2023	07	21	280	000	C P 	724	6	75000000
TSLA  	2023	07	21	285	000	C P 	725	0	75000000
TSLA  	2023	07	21	290	000	C P 	324	10	75000000
TSLA  	2023	07	21	295	000	C P 	236	0	75000000
TSLA  	2023	07	21	300	000	C P 	983	0	75000000
TSLA  	2023	07	21	305	000	C P 	161	1	75000000
TSLA  	2023	07	21	310	000	C P 	232	0	75000000
TSLA  	2023	07	21	315	000	C P 	82	0	75000000
TSLA  	2023	07	21	320	000	C P 	268	0	75000000
TSLA  	2023	07	21	325	000	C P 	465	0	75000000
TSLA  	2023	07	21	330	000	C P 	341	1	75000000
TSLA  	2023	07	21	335	000	C P 	57	0	75000000
TSLA  	2023	07	21	340	000	C P 	193	0	75000000
TSLA  	2023	07	21	345	000	C P 	60	0	75000000
TSLA  	2023	07	21	350	000	C P 	230	1	75000000
TSLA  	2023	07	21	355	000	C P 	185	0	75000000
TSLA  	2023	07	21	360	000	C P 	244	0	75000000
TSLA  	2023	07	21	365	000	C P 	558	0	75000000
TSLA  	2023	07	21	370	000	C P 	733	0	75000000
TSLA  	2023	07	21	375	000	C P 	1769	0	75000000
TSLA  	2023	09	15	1	670	C P 	856	19860	75000000
TSLA  	2023	09	15	3	330	C P 	1086	2610	75000000
TSLA  	2023	09	15	5	000	C P 	25	830	75000000
TSLA  	2023	09	15	6	670	C P 	28	3338	75000000
TSLA  	2023	09	15	8	330	C P 	32	1165	75000000
TSLA  	2023	09	15	10	000	C P 	26	1810	75000000
TSLA  	2023	09	15	11	670	C P 	49	562	75000000
TSLA  	2023	09	15	13	330	C P 	88	281	75000000
TSLA  	2023	09	15	15	000	C P 	0	0	75000000
TSLA  	2023	09	15	16	670	C P 	144	4127	75000000
TSLA  	2023	09	15	30	000	C P 	0	32	75000000
TSLA  	2023	09	15	33	330	C P 	3092	11194	75000000
TSLA  	2023	09	15	35	000	C P 	3	7	75000000
TSLA  	2023	09	15	40	000	C P 	3	20	75000000
TSLA  	2023	09	15	45	000	C P 	0	20	75000000
TSLA  	2023	09	15	50	000	C P 	432	7486	75000000
TSLA  	2023	09	15	55	000	C P 	22	476	75000000
TSLA  	2023	09	15	60	000	C P 	29	446	75000000
TSLA  	2023	09	15	65	000	C P 	4	392	75000000
TSLA  	2023	09	15	66	670	C P 	455	5548	75000000
TSLA  	2023	09	15	70	000	C P 	82	592	75000000
TSLA  	2023	09	15	75	000	C P 	27	435	75000000
TSLA  	2023	09	15	80	000	C P 	70	448	75000000
TSLA  	2023	09	15	83	330	C P 	405	4372	75000000
TSLA  	2023	09	15	85	000	C P 	56	231	75000000
TSLA  	2023	09	15	90	000	C P 	349	1734	75000000
TSLA  	2023	09	15	95	000	C P 	61	2722	75000000
TSLA  	2023	09	15	100	000	C P 	2363	12273	75000000
TSLA  	2023	09	15	105	000	C P 	87	1755	75000000
TSLA  	2023	09	15	108	330	C P 	403	1767	75000000
TSLA  	2023	09	15	110	000	C P 	1183	1079	75000000
TSLA  	2023	09	15	115	000	C P 	175	2810	75000000
TSLA  	2023	09	15	116	670	C P 	625	12214	75000000
TSLA  	2023	09	15	120	000	C P 	331	1173	75000000
TSLA  	2023	09	15	123	330	C P 	501	1357	75000000
TSLA  	2023	09	15	125	000	C P 	1764	4867	75000000
TSLA  	2023	09	15	126	670	C P 	148	1043	75000000
TSLA  	2023	09	15	130	000	C P 	1722	2470	75000000
TSLA  	2023	09	15	133	330	C P 	214	2160	75000000
TSLA  	2023	09	15	135	000	C P 	250	960	75000000
TSLA  	2023	09	15	136	670	C P 	291	483	75000000
TSLA  	2023	09	15	140	000	C P 	1865	1399	75000000
TSLA  	2023	09	15	141	670	C P 	788	1121	75000000
TSLA  	2023	09	15	143	330	C P 	275	1299	75000000
TSLA  	2023	09	15	145	000	C P 	369	146	75000000
TSLA  	2023	09	15	146	670	C P 	1361	728	75000000
TSLA  	2023	09	15	150	000	C P 	33441	10463	75000000
TSLA  	2023	09	15	153	330	C P 	30450	1549	75000000
TSLA  	2023	09	15	155	000	C P 	405	67	75000000
TSLA  	2023	09	15	156	670	C P 	403	559	75000000
TSLA  	2023	09	15	158	330	C P 	324	480	75000000
TSLA  	2023	09	15	160	000	C P 	2944	4534	75000000
TSLA  	2023	09	15	163	330	C P 	426	1472	75000000
TSLA  	2023	09	15	165	000	C P 	780	78	75000000
TSLA  	2023	09	15	166	670	C P 	1377	3001	75000000
TSLA  	2023	09	15	170	000	C P 	571	96	75000000
TSLA  	2023	09	15	173	330	C P 	10344	3009	75000000
TSLA  	2023	09	15	175	000	C P 	10701	7208	75000000
TSLA  	2023	09	15	180	000	C P 	33492	6365	75000000
TSLA  	2023	09	15	183	330	C P 	30925	5171	75000000
TSLA  	2023	09	15	185	000	C P 	133	8	75000000
TSLA  	2023	09	15	186	670	C P 	418	3306	75000000
TSLA  	2023	09	15	190	000	C P 	162	13	75000000
TSLA  	2023	09	15	191	670	C P 	457	940	75000000
TSLA  	2023	09	15	193	330	C P 	869	2646	75000000
TSLA  	2023	09	15	195	000	C P 	33	133	75000000
TSLA  	2023	09	15	200	000	C P 	8964	17047	75000000
TSLA  	2023	09	15	205	000	C P 	24	53	75000000
TSLA  	2023	09	15	206	670	C P 	895	423	75000000
TSLA  	2023	09	15	208	330	C P 	536	2196	75000000
TSLA  	2023	09	15	210	000	C P 	17	115	75000000
TSLA  	2023	09	15	213	330	C P 	483	1267	75000000
TSLA  	2023	09	15	215	000	C P 	19	113	75000000
TSLA  	2023	09	15	216	670	C P 	924	4290	75000000
TSLA  	2023	09	15	220	000	C P 	3631	3096	75000000
TSLA  	2023	09	15	225	000	C P 	1893	3356	75000000
TSLA  	2023	09	15	226	670	C P 	703	1478	75000000
TSLA  	2023	09	15	230	000	C P 	61	59	75000000
TSLA  	2023	09	15	233	330	C P 	3270	2746	75000000
TSLA  	2023	09	15	235	000	C P 	30	18	75000000
TSLA  	2023	09	15	240	000	C P 	1437	2040	75000000
TSLA  	2023	09	15	241	670	C P 	1158	707	75000000
TSLA  	2023	09	15	245	000	C P 	0	0	75000000
TSLA  	2023	09	15	246	670	C P 	538	417	75000000
TSLA  	2023	09	15	250	000	C P 	7861	4254	75000000
TSLA  	2023	09	15	253	330	C P 	817	507	75000000
TSLA  	2023	09	15	255	000	C P 	2	0	75000000
TSLA  	2023	09	15	258	330	C P 	739	2395	75000000
TSLA  	2023	09	15	260	000	C P 	12033	1405	75000000
TSLA  	2023	09	15	265	000	C P 	0	0	75000000
TSLA  	2023	09	15	266	670	C P 	2227	312	75000000
TSLA  	2023	09	15	270	000	C P 	13	0	75000000
TSLA  	2023	09	15	273	330	C P 	661	172	75000000
TSLA  	2023	09	15	275	000	C P 	2539	183	75000000
TSLA  	2023	09	15	280	000	C P 	1712	401	75000000
TSLA  	2023	09	15	283	330	C P 	1130	3	75000000
TSLA  	2023	09	15	286	670	C P 	493	0	75000000
TSLA  	2023	09	15	291	670	C P 	950	0	75000000
TSLA  	2023	09	15	293	330	C P 	1293	8	75000000
TSLA  	2023	09	15	300	000	C P 	8182	218	75000000
TSLA  	2023	09	15	306	670	C P 	2630	15	75000000
TSLA  	2023	09	15	308	330	C P 	823	3	75000000
TSLA  	2023	09	15	313	330	C P 	1926	9	75000000
TSLA  	2023	09	15	316	670	C P 	1518	3	75000000
TSLA  	2023	09	15	320	000	C P 	1020	0	75000000
TSLA  	2023	09	15	325	000	C P 	2650	2	75000000
TSLA  	2023	09	15	326	670	C P 	1122	0	75000000
TSLA  	2023	09	15	333	330	C P 	6463	24	75000000
TSLA  	2023	09	15	340	000	C P 	22932	4	75000000
TSLA  	2023	09	15	341	670	C P 	126	0	75000000
TSLA  	2023	09	15	346	670	C P 	519	0	75000000
TSLA  	2023	09	15	350	000	C P 	17335	3	75000000
TSLA  	2023	09	15	353	330	C P 	22016	0	75000000
TSLA  	2023	09	15	358	330	C P 	395	0	75000000
TSLA  	2023	09	15	360	000	C P 	3270	0	75000000
TSLA  	2023	09	15	366	670	C P 	3027	390	75000000
TSLA  	2023	09	15	375	000	C P 	3138	0	75000000
TSLA  	2023	09	15	383	330	C P 	5604	0	75000000
TSLA  	2023	09	15	391	670	C P 	1363	0	75000000
TSLA  	2023	09	15	400	000	C P 	5658	1	75000000
TSLA  	2023	09	15	408	330	C P 	1383	0	75000000
TSLA  	2023	09	15	416	670	C P 	803	0	75000000
TSLA  	2023	09	15	425	000	C P 	2778	0	75000000
TSLA  	2023	09	15	433	330	C P 	4931	8	75000000
TSLA  	2023	09	15	441	670	C P 	1027	0	75000000
TSLA  	2023	09	15	450	000	C P 	2114	0	75000000
TSLA  	2023	09	15	458	330	C P 	407	0	75000000
TSLA  	2023	09	15	466	670	C P 	2704	9	75000000
TSLA  	2023	09	15	475	000	C P 	330	0	75000000
TSLA  	2023	09	15	483	330	C P 	572	0	75000000
TSLA  	2023	09	15	491	670	C P 	1125	0	75000000
TSLA  	2023	09	15	500	000	C P 	4992	0	75000000
TSLA  	2023	09	15	508	330	C P 	707	0	75000000
TSLA  	2023	09	15	516	670	C P 	1321	0	75000000
TSLA  	2023	09	15	525	000	C P 	1030	0	75000000
TSLA  	2023	09	15	533	330	C P 	1910	6	75000000
TSLA  	2023	09	15	541	670	C P 	1105	0	75000000
TSLA  	2023	09	15	550	000	C P 	11630	0	75000000
TSLA  	2023	09	15	558	330	C P 	189	0	75000000
TSLA  	2023	09	15	566	670	C P 	4037	0	75000000
TSLA  	2023	09	15	575	000	C P 	297	0	75000000
TSLA  	2023	09	15	583	330	C P 	535	0	75000000
TSLA  	2023	09	15	591	670	C P 	2099	0	75000000
TSLA  	2023	09	15	600	000	C P 	8540	0	75000000
TSLA  	2023	09	15	608	330	C P 	663	0	75000000
TSLA  	2023	09	15	616	670	C P 	1027	0	75000000
TSLA  	2023	09	15	625	000	C P 	1082	0	75000000
TSLA  	2023	09	15	633	330	C P 	599	0	75000000
TSLA  	2023	09	15	641	670	C P 	429	0	75000000
TSLA  	2023	09	15	650	000	C P 	27251	0	75000000
TSLA  	2023	09	15	658	330	C P 	1266	0	75000000
TSLA  	2023	09	15	666	670	C P 	1280	0	75000000
TSLA  	2023	09	15	675	000	C P 	563	0	75000000
TSLA  	2023	09	15	683	330	C P 	455	0	75000000
TSLA  	2023	09	15	700	000	C P 	1554	0	75000000
TSLA  	2023	09	15	716	670	C P 	1018	0	75000000
TSLA  	2023	09	15	733	330	C P 	2194	0	75000000
TSLA  	2023	09	15	750	000	C P 	8235	0	75000000
TSLA  	2023	09	15	758	330	C P 	70162	0	75000000
TSLA  	2023	12	15	50	000	C P 	1093	2937	75000000
TSLA  	2023	12	15	55	000	C P 	60	1201	75000000
TSLA  	2023	12	15	60	000	C P 	37	490	75000000
TSLA  	2023	12	15	65	000	C P 	4	215	75000000
TSLA  	2023	12	15	70	000	C P 	28	3743	75000000
TSLA  	2023	12	15	75	000	C P 	16	4040	75000000
TSLA  	2023	12	15	80	000	C P 	155	607	75000000
TSLA  	2023	12	15	85	000	C P 	1990	1750	75000000
TSLA  	2023	12	15	90	000	C P 	1255	2225	75000000
TSLA  	2023	12	15	95	000	C P 	369	427	75000000
TSLA  	2023	12	15	100	000	C P 	1658	3370	75000000
TSLA  	2023	12	15	105	000	C P 	201	531	75000000
TSLA  	2023	12	15	110	000	C P 	241	1896	75000000
TSLA  	2023	12	15	115	000	C P 	1524	1008	75000000
TSLA  	2023	12	15	120	000	C P 	620	717	75000000
TSLA  	2023	12	15	125	000	C P 	423	770	75000000
TSLA  	2023	12	15	130	000	C P 	794	1339	75000000
TSLA  	2023	12	15	135	000	C P 	811	1304	75000000
TSLA  	2023	12	15	140	000	C P 	1061	632	75000000
TSLA  	2023	12	15	145	000	C P 	645	271	75000000
TSLA  	2023	12	15	150	000	C P 	1559	932	75000000
TSLA  	2023	12	15	155	000	C P 	346	291	75000000
TSLA  	2023	12	15	160	000	C P 	3165	175	75000000
TSLA  	2023	12	15	165	000	C P 	1443	345	75000000
TSLA  	2023	12	15	170	000	C P 	1335	432	75000000
TSLA  	2023	12	15	175	000	C P 	2655	197	75000000
TSLA  	2023	12	15	180	000	C P 	1535	190	75000000
TSLA  	2023	12	15	185	000	C P 	131	439	75000000
TSLA  	2023	12	15	190	000	C P 	447	315	75000000
TSLA  	2023	12	15	195	000	C P 	248	380	75000000
TSLA  	2023	12	15	200	000	C P 	2124	906	75000000
TSLA  	2023	12	15	205	000	C P 	1176	156	75000000
TSLA  	2023	12	15	210	000	C P 	841	250	75000000
TSLA  	2023	12	15	215	000	C P 	115	171	75000000
TSLA  	2023	12	15	220	000	C P 	655	281	75000000
TSLA  	2023	12	15	225	000	C P 	792	200	75000000
TSLA  	2023	12	15	230	000	C P 	1004	561	75000000
TSLA  	2023	12	15	235	000	C P 	221	402	75000000
TSLA  	2023	12	15	240	000	C P 	1215	470	75000000
TSLA  	2023	12	15	245	000	C P 	1704	402	75000000
TSLA  	2023	12	15	250	000	C P 	5092	2194	75000000
TSLA  	2024	01	19	1	670	C P 	2373	27594	75000000
TSLA  	2024	01	19	3	330	C P 	966	5865	75000000
TSLA  	2024	01	19	5	000	C P 	255	9665	75000000
TSLA  	2024	01	19	6	670	C P 	75	2336	75000000
TSLA  	2024	01	19	8	330	C P 	3902	2073	75000000
TSLA  	2024	01	19	10	000	C P 	278	2977	75000000
TSLA  	2024	01	19	11	670	C P 	253	1408	75000000
TSLA  	2024	01	19	13	330	C P 	819	507	75000000
TSLA  	2024	01	19	15	000	C P 	278	1814	75000000
TSLA  	2024	01	19	16	670	C P 	487	3892	75000000
TSLA  	2024	01	19	18	330	C P 	393	6174	75000000
TSLA  	2024	01	19	20	000	C P 	252	7509	75000000
TSLA  	2024	01	19	21	670	C P 	103	842	75000000
TSLA  	2024	01	19	23	330	C P 	380	4021	75000000
TSLA  	2024	01	19	25	000	C P 	370	2575	75000000
TSLA  	2024	01	19	26	670	C P 	933	1253	75000000
TSLA  	2024	01	19	28	330	C P 	341	890	75000000
TSLA  	2024	01	19	30	000	C P 	232	9105	75000000
TSLA  	2024	01	19	31	670	C P 	1324	1282	75000000
TSLA  	2024	01	19	33	330	C P 	4325	32875	75000000
TSLA  	2024	01	19	50	000	C P 	2124	27300	75000000
TSLA  	2024	01	19	55	000	C P 	82	567	75000000
TSLA  	2024	01	19	60	000	C P 	301	2578	75000000
TSLA  	2024	01	19	65	000	C P 	266	697	75000000
TSLA  	2024	01	19	66	670	C P 	4699	14538	75000000
TSLA  	2024	01	19	70	000	C P 	145	532	75000000
TSLA  	2024	01	19	75	000	C P 	97	2815	75000000
TSLA  	2024	01	19	80	000	C P 	412	1752	75000000
TSLA  	2024	01	19	83	330	C P 	1012	8207	75000000
TSLA  	2024	01	19	85	000	C P 	511	320	75000000
TSLA  	2024	01	19	90	000	C P 	3430	866	75000000
TSLA  	2024	01	19	95	000	C P 	2990	985	75000000
TSLA  	2024	01	19	100	000	C P 	13586	35605	75000000
TSLA  	2024	01	19	105	000	C P 	1316	1509	75000000
TSLA  	2024	01	19	110	000	C P 	4915	6880	75000000
TSLA  	2024	01	19	115	000	C P 	4727	5039	75000000
TSLA  	2024	01	19	116	670	C P 	1895	8204	75000000
TSLA  	2024	01	19	120	000	C P 	3321	2901	75000000
TSLA  	2024	01	19	123	330	C P 	1953	2453	75000000
TSLA  	2024	01	19	125	000	C P 	2207	11808	75000000
TSLA  	2024	01	19	126	670	C P 	1659	6537	75000000
TSLA  	2024	01	19	130	000	C P 	4878	5961	75000000
TSLA  	2024	01	19	133	330	C P 	2086	6347	75000000
TSLA  	2024	01	19	135	000	C P 	1135	824	75000000
TSLA  	2024	01	19	136	670	C P 	2402	2137	75000000
TSLA  	2024	01	19	140	000	C P 	4967	3758	75000000
TSLA  	2024	01	19	143	330	C P 	1554	2012	75000000
TSLA  	2024	01	19	145	000	C P 	555	395	75000000
TSLA  	2024	01	19	146	670	C P 	856	681	75000000
TSLA  	2024	01	19	150	000	C P 	47358	9642	75000000
TSLA  	2024	01	19	153	330	C P 	40656	1036	75000000
TSLA  	2024	01	19	155	000	C P 	213	400	75000000
TSLA  	2024	01	19	156	670	C P 	1281	673	75000000
TSLA  	2024	01	19	160	000	C P 	2760	2875	75000000
TSLA  	2024	01	19	163	330	C P 	521	2341	75000000
TSLA  	2024	01	19	165	000	C P 	1347	72	75000000
TSLA  	2024	01	19	166	670	C P 	6550	6472	75000000
TSLA  	2024	01	19	170	000	C P 	4287	5249	75000000
TSLA  	2024	01	19	173	330	C P 	1488	2320	75000000
TSLA  	2024	01	19	175	000	C P 	1512	589	75000000
TSLA  	2024	01	19	176	670	C P 	1377	1289	75000000
TSLA  	2024	01	19	180	000	C P 	57998	8259	75000000
TSLA  	2024	01	19	183	330	C P 	52686	7451	75000000
TSLA  	2024	01	19	185	000	C P 	842	327	75000000
TSLA  	2024	01	19	186	670	C P 	1101	2206	75000000
TSLA  	2024	01	19	190	000	C P 	1262	12	75000000
TSLA  	2024	01	19	193	330	C P 	2103	9457	75000000
TSLA  	2024	01	19	200	000	C P 	27575	23565	75000000
TSLA  	2024	01	19	203	330	C P 	1206	2213	75000000
TSLA  	2024	01	19	206	670	C P 	1295	1196	75000000
TSLA  	2024	01	19	210	000	C P 	4556	6307	75000000
TSLA  	2024	01	19	213	330	C P 	1323	2750	75000000
TSLA  	2024	01	19	216	670	C P 	8114	7365	75000000
TSLA  	2024	01	19	220	000	C P 	6807	6964	75000000
TSLA  	2024	01	19	223	330	C P 	1076	1412	75000000
TSLA  	2024	01	19	226	670	C P 	20828	3011	75000000
TSLA  	2024	01	19	230	000	C P 	13568	18680	75000000
TSLA  	2024	01	19	233	330	C P 	36916	13951	75000000
TSLA  	2024	01	19	236	670	C P 	1763	1691	75000000
TSLA  	2024	01	19	240	000	C P 	2441	4167	75000000
TSLA  	2024	01	19	243	330	C P 	1106	2077	75000000
TSLA  	2024	01	19	246	670	C P 	783	2081	75000000
TSLA  	2024	01	19	250	000	C P 	21870	5410	75000000
TSLA  	2024	01	19	253	330	C P 	2854	2121	75000000
TSLA  	2024	01	19	256	670	C P 	2874	1463	75000000
TSLA  	2024	01	19	260	000	C P 	5807	3154	75000000
TSLA  	2024	01	19	263	330	C P 	3436	2052	75000000
TSLA  	2024	01	19	266	670	C P 	7346	9465	75000000
TSLA  	2024	01	19	270	000	C P 	2393	4664	75000000
TSLA  	2024	01	19	273	330	C P 	3185	3004	75000000
TSLA  	2024	01	19	276	670	C P 	1635	1701	75000000
TSLA  	2024	01	19	280	000	C P 	6883	6477	75000000
TSLA  	2024	01	19	283	330	C P 	3098	2932	75000000
TSLA  	2024	01	19	286	670	C P 	2518	1393	75000000
TSLA  	2024	01	19	290	000	C P 	7094	472	75000000
TSLA  	2024	01	19	293	330	C P 	1847	1911	75000000
TSLA  	2024	01	19	296	670	C P 	2007	1681	75000000
TSLA  	2024	01	19	300	000	C P 	27241	6226	75000000
TSLA  	2024	01	19	303	330	C P 	3327	18	75000000
TSLA  	2024	01	19	306	670	C P 	6508	112	75000000
TSLA  	2024	01	19	310	000	C P 	3572	961	75000000
TSLA  	2024	01	19	313	330	C P 	1057	14	75000000
TSLA  	2024	01	19	316	670	C P 	4291	303	75000000
TSLA  	2024	01	19	320	000	C P 	4982	273	75000000
TSLA  	2024	01	19	323	330	C P 	438	246	75000000
TSLA  	2024	01	19	325	000	C P 	5571	1	75000000
TSLA  	2024	01	19	326	670	C P 	1284	512	75000000
TSLA  	2024	01	19	330	000	C P 	8311	0	75000000
TSLA  	2024	01	19	333	330	C P 	29879	1672	75000000
TSLA  	2024	01	19	336	670	C P 	1198	0	75000000
TSLA  	2024	01	19	340	000	C P 	3871	1	75000000
TSLA  	2024	01	19	341	670	C P 	895	2	75000000
TSLA  	2024	01	19	343	330	C P 	471	0	75000000
TSLA  	2024	01	19	346	670	C P 	2125	3	75000000
TSLA  	2024	01	19	350	000	C P 	15346	308	75000000
TSLA  	2024	01	19	353	330	C P 	1136	0	75000000
TSLA  	2024	01	19	356	670	C P 	351	0	75000000
TSLA  	2024	01	19	358	330	C P 	1180	0	75000000
TSLA  	2024	01	19	360	000	C P 	8936	601	75000000
TSLA  	2024	01	19	363	330	C P 	418	0	75000000
TSLA  	2024	01	19	366	670	C P 	38475	2781	75000000
TSLA  	2024	01	19	370	000	C P 	6786	0	75000000
TSLA  	2024	01	19	373	330	C P 	1034	0	75000000
TSLA  	2024	01	19	375	000	C P 	11448	6	75000000
TSLA  	2024	01	19	376	670	C P 	423	1	75000000
TSLA  	2024	01	19	380	000	C P 	1198	0	75000000
TSLA  	2024	01	19	383	330	C P 	3075	0	75000000
TSLA  	2024	01	19	386	670	C P 	418	0	75000000
TSLA  	2024	01	19	390	000	C P 	845	0	75000000
TSLA  	2024	01	19	391	670	C P 	2298	0	75000000
TSLA  	2024	01	19	393	330	C P 	560	0	75000000
TSLA  	2024	01	19	396	670	C P 	2769	0	75000000
TSLA  	2024	01	19	400	000	C P 	37870	759	75000000
TSLA  	2024	01	19	408	330	C P 	5165	0	75000000
TSLA  	2024	01	19	416	670	C P 	3783	1890	75000000
TSLA  	2024	01	19	425	000	C P 	3204	0	75000000
TSLA  	2024	01	19	433	330	C P 	5667	4	75000000
TSLA  	2024	01	19	441	670	C P 	1030	0	75000000
TSLA  	2024	01	19	450	000	C P 	5959	2100	75000000
TSLA  	2024	01	19	458	330	C P 	2111	0	75000000
TSLA  	2024	01	19	466	670	C P 	29675	0	75000000
TSLA  	2024	01	19	475	000	C P 	4698	0	75000000
TSLA  	2024	01	19	483	330	C P 	3363	0	75000000
TSLA  	2024	01	19	491	670	C P 	2170	0	75000000
TSLA  	2024	01	19	500	000	C P 	38941	0	75000000
TSLA  	2024	01	19	516	670	C P 	4457	0	75000000
TSLA  	2024	01	19	533	330	C P 	21666	0	75000000
TSLA  	2024	01	19	550	000	C P 	16663	9	75000000
TSLA  	2024	01	19	558	330	C P 	1264	1	75000000
TSLA  	2024	01	19	566	670	C P 	10771	0	75000000
TSLA  	2024	01	19	575	000	C P 	14217	0	75000000
TSLA  	2024	01	19	583	330	C P 	14402	0	75000000
TSLA  	2024	01	19	591	670	C P 	2290	0	75000000
TSLA  	2024	01	19	600	000	C P 	17983	0	75000000
TSLA  	2024	01	19	608	330	C P 	2263	0	75000000
TSLA  	2024	01	19	616	670	C P 	11865	0	75000000
TSLA  	2024	01	19	625	000	C P 	2409	0	75000000
TSLA  	2024	01	19	633	330	C P 	5719	0	75000000
TSLA  	2024	01	19	641	670	C P 	924	0	75000000
TSLA  	2024	01	19	650	000	C P 	3214	0	75000000
TSLA  	2024	01	19	666	670	C P 	41411	0	75000000
TSLA  	2024	01	19	675	000	C P 	4357	0	75000000
TSLA  	2024	01	19	683	330	C P 	7134	0	75000000
TSLA  	2024	01	19	691	670	C P 	1613	0	75000000
TSLA  	2024	01	19	700	000	C P 	4998	0	75000000
TSLA  	2024	01	19	708	330	C P 	764	0	75000000
TSLA  	2024	01	19	716	670	C P 	6041	0	75000000
TSLA  	2024	01	19	725	000	C P 	2580	3	75000000
TSLA  	2024	01	19	733	330	C P 	3382	0	75000000
TSLA  	2024	01	19	741	670	C P 	783	0	75000000
TSLA  	2024	01	19	750	000	C P 	1571	0	75000000
TSLA  	2024	01	19	758	330	C P 	972	0	75000000
TSLA  	2024	01	19	766	670	C P 	2041	0	75000000
TSLA  	2024	01	19	775	000	C P 	2919	0	75000000
TSLA  	2024	01	19	783	330	C P 	759	0	75000000
TSLA  	2024	01	19	791	670	C P 	3237	0	75000000
TSLA  	2024	01	19	800	000	C P 	13710	0	75000000
TSLA  	2024	01	19	808	330	C P 	3913	0	75000000
TSLA  	2024	01	19	816	670	C P 	5899	0	75000000
TSLA  	2024	01	19	825	000	C P 	79910	1	75000000
TSLA  	2024	03	15	1	670	C P 	103	1846	75000000
TSLA  	2024	03	15	3	330	C P 	22	630	75000000
TSLA  	2024	03	15	5	000	C P 	55	399	75000000
TSLA  	2024	03	15	6	670	C P 	6	91	75000000
TSLA  	2024	03	15	8	330	C P 	16	42	75000000
TSLA  	2024	03	15	10	000	C P 	6	308	75000000
TSLA  	2024	03	15	11	670	C P 	11	31	75000000
TSLA  	2024	03	15	13	330	C P 	18	32	75000000
TSLA  	2024	03	15	15	000	C P 	24	141	75000000
TSLA  	2024	03	15	16	670	C P 	111	145	75000000
TSLA  	2024	03	15	33	330	C P 	809	1435	75000000
TSLA  	2024	03	15	50	000	C P 	448	5138	75000000
TSLA  	2024	03	15	55	000	C P 	26	98	75000000
TSLA  	2024	03	15	60	000	C P 	44	124	75000000
TSLA  	2024	03	15	65	000	C P 	21	174	75000000
TSLA  	2024	03	15	66	670	C P 	2028	851	75000000
TSLA  	2024	03	15	70	000	C P 	51	190	75000000
TSLA  	2024	03	15	75	000	C P 	20	161	75000000
TSLA  	2024	03	15	80	000	C P 	191	148	75000000
TSLA  	2024	03	15	83	330	C P 	994	4528	75000000
TSLA  	2024	03	15	85	000	C P 	162	143	75000000
TSLA  	2024	03	15	90	000	C P 	503	432	75000000
TSLA  	2024	03	15	95	000	C P 	1315	338	75000000
TSLA  	2024	03	15	100	000	C P 	3344	2865	75000000
TSLA  	2024	03	15	105	000	C P 	630	700	75000000
TSLA  	2024	03	15	110	000	C P 	429	2449	75000000
TSLA  	2024	03	15	115	000	C P 	94	80	75000000
TSLA  	2024	03	15	116	670	C P 	606	795	75000000
TSLA  	2024	03	15	120	000	C P 	246	150	75000000
TSLA  	2024	03	15	125	000	C P 	195	658	75000000
TSLA  	2024	03	15	130	000	C P 	152	616	75000000
TSLA  	2024	03	15	133	330	C P 	398	5575	75000000
TSLA  	2024	03	15	135	000	C P 	173	95	75000000
TSLA  	2024	03	15	140	000	C P 	156	115	75000000
TSLA  	2024	03	15	141	670	C P 	332	306	75000000
TSLA  	2024	03	15	145	000	C P 	60	77	75000000
TSLA  	2024	03	15	150	000	C P 	1331	4266	75000000
TSLA  	2024	03	15	155	000	C P 	34	91	75000000
TSLA  	2024	03	15	158	330	C P 	108	491	75000000
TSLA  	2024	03	15	160	000	C P 	152	241	75000000
TSLA  	2024	03	15	165	000	C P 	87	65	75000000
TSLA  	2024	03	15	166	670	C P 	577	1160	75000000
TSLA  	2024	03	15	170	000	C P 	204	139	75000000
TSLA  	2024	03	15	175	000	C P 	491	1746	75000000
TSLA  	2024	03	15	180	000	C P 	164	309	75000000
TSLA  	2024	03	15	183	330	C P 	542	999	75000000
TSLA  	2024	03	15	185	000	C P 	6	48	75000000
TSLA  	2024	03	15	190	000	C P 	46	27	75000000
TSLA  	2024	03	15	191	670	C P 	311	1407	75000000
TSLA  	2024	03	15	200	000	C P 	4855	4579	75000000
TSLA  	2024	03	15	208	330	C P 	2305	745	75000000
TSLA  	2024	03	15	216	670	C P 	572	992	75000000
TSLA  	2024	03	15	225	000	C P 	665	2421	75000000
TSLA  	2024	03	15	233	330	C P 	793	1235	75000000
TSLA  	2024	03	15	241	670	C P 	390	955	75000000
TSLA  	2024	03	15	250	000	C P 	1482	1369	75000000
TSLA  	2024	03	15	258	330	C P 	531	1098	75000000
TSLA  	2024	03	15	266	670	C P 	1048	792	75000000
TSLA  	2024	03	15	275	000	C P 	1399	757	75000000
TSLA  	2024	03	15	283	330	C P 	1128	675	75000000
TSLA  	2024	03	15	291	670	C P 	1192	123	75000000
TSLA  	2024	03	15	300	000	C P 	3695	62	75000000
TSLA  	2024	03	15	308	330	C P 	186	12	75000000
TSLA  	2024	03	15	316	670	C P 	1014	369	75000000
TSLA  	2024	03	15	325	000	C P 	1613	2	75000000
TSLA  	2024	03	15	333	330	C P 	760	3	75000000
TSLA  	2024	03	15	341	670	C P 	179	0	75000000
TSLA  	2024	03	15	350	000	C P 	540	0	75000000
TSLA  	2024	03	15	358	330	C P 	265	0	75000000
TSLA  	2024	03	15	366	670	C P 	605	0	75000000
TSLA  	2024	03	15	375	000	C P 	501	0	75000000
TSLA  	2024	03	15	383	330	C P 	222	0	75000000
TSLA  	2024	03	15	391	670	C P 	320	0	75000000
TSLA  	2024	03	15	400	000	C P 	1060	0	75000000
TSLA  	2024	03	15	408	330	C P 	688	0	75000000
TSLA  	2024	03	15	416	670	C P 	395	0	75000000
TSLA  	2024	03	15	425	000	C P 	863	0	75000000
TSLA  	2024	03	15	433	330	C P 	598	0	75000000
TSLA  	2024	03	15	441	670	C P 	127	0	75000000
TSLA  	2024	03	15	450	000	C P 	788	0	75000000
TSLA  	2024	03	15	458	330	C P 	253	0	75000000
TSLA  	2024	03	15	466	670	C P 	796	0	75000000
TSLA  	2024	03	15	475	000	C P 	429	0	75000000
TSLA  	2024	03	15	483	330	C P 	501	0	75000000
TSLA  	2024	03	15	491	670	C P 	318	0	75000000
TSLA  	2024	03	15	500	000	C P 	2986	0	75000000
TSLA  	2024	03	15	508	330	C P 	163	0	75000000
TSLA  	2024	03	15	516	670	C P 	687	0	75000000
TSLA  	2024	03	15	525	000	C P 	83	0	75000000
TSLA  	2024	03	15	533	330	C P 	154	0	75000000
TSLA  	2024	03	15	541	670	C P 	174	0	75000000
TSLA  	2024	03	15	550	000	C P 	382	0	75000000
TSLA  	2024	03	15	558	330	C P 	189	0	75000000
TSLA  	2024	03	15	566	670	C P 	426	0	75000000
TSLA  	2024	03	15	575	000	C P 	659	0	75000000
TSLA  	2024	03	15	583	330	C P 	471	0	75000000
TSLA  	2024	03	15	600	000	C P 	3568	1	75000000
TSLA  	2024	06	21	1	670	C P 	631	16264	75000000
TSLA  	2024	06	21	3	330	C P 	149	3076	75000000
TSLA  	2024	06	21	5	000	C P 	19	979	75000000
TSLA  	2024	06	21	6	670	C P 	219	1238	75000000
TSLA  	2024	06	21	8	330	C P 	121	373	75000000
TSLA  	2024	06	21	10	000	C P 	278	1739	75000000
TSLA  	2024	06	21	11	670	C P 	540	194	75000000
TSLA  	2024	06	21	13	330	C P 	36	143	75000000
TSLA  	2024	06	21	16	670	C P 	1403	2972	75000000
TSLA  	2024	06	21	33	330	C P 	7804	5537	75000000
TSLA  	2024	06	21	50	000	C P 	1923	3729	75000000
TSLA  	2024	06	21	55	000	C P 	6	413	75000000
TSLA  	2024	06	21	60	000	C P 	55	485	75000000
TSLA  	2024	06	21	65	000	C P 	111	2083	75000000
TSLA  	2024	06	21	66	670	C P 	1890	4240	75000000
TSLA  	2024	06	21	70	000	C P 	43	221	75000000
TSLA  	2024	06	21	75	000	C P 	51	124	75000000
TSLA  	2024	06	21	80	000	C P 	107	137	75000000
TSLA  	2024	06	21	83	330	C P 	30606	4216	75000000
TSLA  	2024	06	21	85	000	C P 	60	241	75000000
TSLA  	2024	06	21	90	000	C P 	535	645	75000000
TSLA  	2024	06	21	95	000	C P 	340	55	75000000
TSLA  	2024	06	21	100	000	C P 	5261	9000	75000000
TSLA  	2024	06	21	105	000	C P 	467	813	75000000
TSLA  	2024	06	21	110	000	C P 	390	2220	75000000
TSLA  	2024	06	21	115	000	C P 	236	87	75000000
TSLA  	2024	06	21	116	670	C P 	4247	960	75000000
TSLA  	2024	06	21	120	000	C P 	522	205	75000000
TSLA  	2024	06	21	123	330	C P 	639	3512	75000000
TSLA  	2024	06	21	125	000	C P 	58	2428	75000000
TSLA  	2024	06	21	126	670	C P 	234	1868	75000000
TSLA  	2024	06	21	130	000	C P 	5673	1586	75000000
TSLA  	2024	06	21	133	330	C P 	6460	2945	75000000
TSLA  	2024	06	21	135	000	C P 	85	345	75000000
TSLA  	2024	06	21	136	670	C P 	429	1896	75000000
TSLA  	2024	06	21	140	000	C P 	1446	2506	75000000
TSLA  	2024	06	21	143	330	C P 	1232	1744	75000000
TSLA  	2024	06	21	145	000	C P 	48	195	75000000
TSLA  	2024	06	21	146	670	C P 	636	506	75000000
TSLA  	2024	06	21	150	000	C P 	4269	8985	75000000
TSLA  	2024	06	21	153	330	C P 	277	816	75000000
TSLA  	2024	06	21	155	000	C P 	76	439	75000000
TSLA  	2024	06	21	156	670	C P 	373	193	75000000
TSLA  	2024	06	21	160	000	C P 	960	2705	75000000
TSLA  	2024	06	21	163	330	C P 	181	1409	75000000
TSLA  	2024	06	21	165	000	C P 	37	70	75000000
TSLA  	2024	06	21	166	670	C P 	1586	5510	75000000
TSLA  	2024	06	21	170	000	C P 	297	58	75000000
TSLA  	2024	06	21	173	330	C P 	525	5872	75000000
TSLA  	2024	06	21	175	000	C P 	1013	112	75000000
TSLA  	2024	06	21	180	000	C P 	21174	5983	75000000
TSLA  	2024	06	21	183	330	C P 	20772	3542	75000000
TSLA  	2024	06	21	185	000	C P 	218	35	75000000
TSLA  	2024	06	21	186	670	C P 	1248	1845	75000000
TSLA  	2024	06	21	190	000	C P 	280	2	75000000
TSLA  	2024	06	21	193	330	C P 	1063	4214	75000000
TSLA  	2024	06	21	200	000	C P 	4655	9905	75000000
TSLA  	2024	06	21	206	670	C P 	558	2847	75000000
TSLA  	2024	06	21	213	330	C P 	579	1530	75000000
TSLA  	2024	06	21	216	670	C P 	1211	5234	75000000
TSLA  	2024	06	21	220	000	C P 	1411	2452	75000000
TSLA  	2024	06	21	226	670	C P 	1313	3391	75000000
TSLA  	2024	06	21	233	330	C P 	7027	6851	75000000
TSLA  	2024	06	21	240	000	C P 	1220	4578	75000000
TSLA  	2024	06	21	246	670	C P 	1652	1186	75000000
TSLA  	2024	06	21	250	000	C P 	5395	3051	75000000
TSLA  	2024	06	21	253	330	C P 	1227	820	75000000
TSLA  	2024	06	21	260	000	C P 	1778	968	75000000
TSLA  	2024	06	21	266	670	C P 	9889	3314	75000000
TSLA  	2024	06	21	270	000	C P 	1461	1675	75000000
TSLA  	2024	06	21	273	330	C P 	1186	690	75000000
TSLA  	2024	06	21	276	670	C P 	942	718	75000000
TSLA  	2024	06	21	280	000	C P 	1055	1488	75000000
TSLA  	2024	06	21	283	330	C P 	3192	1209	75000000
TSLA  	2024	06	21	286	670	C P 	744	687	75000000
TSLA  	2024	06	21	290	000	C P 	1026	1006	75000000
TSLA  	2024	06	21	293	330	C P 	924	975	75000000
TSLA  	2024	06	21	296	670	C P 	790	277	75000000
TSLA  	2024	06	21	300	000	C P 	9533	983	75000000
TSLA  	2024	06	21	303	330	C P 	1291	645	75000000
TSLA  	2024	06	21	306	670	C P 	1405	241	75000000
TSLA  	2024	06	21	310	000	C P 	1673	549	75000000
TSLA  	2024	06	21	313	330	C P 	831	718	75000000
TSLA  	2024	06	21	316	670	C P 	2275	9	75000000
TSLA  	2024	06	21	320	000	C P 	666	631	75000000
TSLA  	2024	06	21	323	330	C P 	349	289	75000000
TSLA  	2024	06	21	326	670	C P 	488	269	75000000
TSLA  	2024	06	21	330	000	C P 	3334	105	75000000
TSLA  	2024	06	21	333	330	C P 	7852	1076	75000000
TSLA  	2024	06	21	336	670	C P 	2280	177	75000000
TSLA  	2024	06	21	340	000	C P 	776	8	75000000
TSLA  	2024	06	21	343	330	C P 	1147	0	75000000
TSLA  	2024	06	21	346	670	C P 	346	0	75000000
TSLA  	2024	06	21	350	000	C P 	3363	0	75000000
TSLA  	2024	06	21	353	330	C P 	203	69	75000000
TSLA  	2024	06	21	356	670	C P 	496	0	75000000
TSLA  	2024	06	21	360	000	C P 	2375	0	75000000
TSLA  	2024	06	21	363	330	C P 	375	0	75000000
TSLA  	2024	06	21	366	670	C P 	4318	0	75000000
TSLA  	2024	06	21	370	000	C P 	3044	8	75000000
TSLA  	2024	06	21	373	330	C P 	545	0	75000000
TSLA  	2024	06	21	376	670	C P 	799	0	75000000
TSLA  	2024	06	21	380	000	C P 	602	0	75000000
TSLA  	2024	06	21	383	330	C P 	1061	0	75000000
TSLA  	2024	06	21	386	670	C P 	311	4	75000000
TSLA  	2024	06	21	390	000	C P 	400	0	75000000
TSLA  	2024	06	21	393	330	C P 	669	0	75000000
TSLA  	2024	06	21	396	670	C P 	563	0	75000000
TSLA  	2024	06	21	400	000	C P 	39535	922	75000000
TSLA  	2024	06	21	416	670	C P 	2991	0	75000000
TSLA  	2024	06	21	433	330	C P 	3356	0	75000000
TSLA  	2024	06	21	450	000	C P 	3220	0	75000000
TSLA  	2024	06	21	466	670	C P 	5315	0	75000000
TSLA  	2024	06	21	483	330	C P 	1390	0	75000000
TSLA  	2024	06	21	500	000	C P 	12149	0	75000000
TSLA  	2024	06	21	516	670	C P 	2379	0	75000000
TSLA  	2024	06	21	533	330	C P 	3391	0	75000000
TSLA  	2024	06	21	550	000	C P 	2543	0	75000000
TSLA  	2024	06	21	566	670	C P 	1024	0	75000000
TSLA  	2024	06	21	583	330	C P 	929	0	75000000
TSLA  	2024	06	21	600	000	C P 	17193	0	75000000
TSLA  	2024	06	21	616	670	C P 	14089	0	75000000
TSLA  	2024	06	21	633	330	C P 	4579	0	75000000
TSLA  	2024	06	21	650	000	C P 	561	0	75000000
TSLA  	2024	06	21	666	670	C P 	7062	0	75000000
TSLA  	2024	06	21	683	330	C P 	1704	0	75000000
TSLA  	2024	06	21	700	000	C P 	3554	0	75000000
TSLA  	2024	06	21	716	670	C P 	897	0	75000000
TSLA  	2024	06	21	733	330	C P 	2380	0	75000000
TSLA  	2024	06	21	750	000	C P 	6440	1	75000000
TSLA  	2024	06	21	758	330	C P 	15800	0	75000000
TSLA  	2024	09	20	50	000	C P 	44	981	75000000
TSLA  	2024	09	20	55	000	C P 	27	48	75000000
TSLA  	2024	09	20	60	000	C P 	9	135	75000000
TSLA  	2024	09	20	65	000	C P 	30	108	75000000
TSLA  	2024	09	20	70	000	C P 	8	154	75000000
TSLA  	2024	09	20	75	000	C P 	9	111	75000000
TSLA  	2024	09	20	80	000	C P 	51	153	75000000
TSLA  	2024	09	20	85	000	C P 	981	435	75000000
TSLA  	2024	09	20	90	000	C P 	39	198	75000000
TSLA  	2024	09	20	95	000	C P 	19	170	75000000
TSLA  	2024	09	20	100	000	C P 	300	2261	75000000
TSLA  	2024	09	20	105	000	C P 	178	528	75000000
TSLA  	2024	09	20	110	000	C P 	178	454	75000000
TSLA  	2024	09	20	115	000	C P 	212	113	75000000
TSLA  	2024	09	20	120	000	C P 	440	333	75000000
TSLA  	2024	09	20	125	000	C P 	172	948	75000000
TSLA  	2024	09	20	130	000	C P 	207	250	75000000
TSLA  	2024	09	20	135	000	C P 	86	183	75000000
TSLA  	2024	09	20	140	000	C P 	163	220	75000000
TSLA  	2024	09	20	145	000	C P 	475	85	75000000
TSLA  	2024	09	20	150	000	C P 	883	695	75000000
TSLA  	2024	09	20	155	000	C P 	262	113	75000000
TSLA  	2024	09	20	160	000	C P 	415	602	75000000
TSLA  	2024	09	20	165	000	C P 	187	35	75000000
TSLA  	2024	09	20	170	000	C P 	179	210	75000000
TSLA  	2024	09	20	175	000	C P 	35	113	75000000
TSLA  	2024	09	20	180	000	C P 	283	24	75000000
TSLA  	2024	09	20	185	000	C P 	278	988	75000000
TSLA  	2024	09	20	190	000	C P 	504	58	75000000
TSLA  	2024	09	20	195	000	C P 	177	102	75000000
TSLA  	2024	09	20	200	000	C P 	990	1392	75000000
TSLA  	2024	09	20	210	000	C P 	187	187	75000000
TSLA  	2024	09	20	220	000	C P 	1241	328	75000000
TSLA  	2024	09	20	230	000	C P 	94	118	75000000
TSLA  	2024	09	20	240	000	C P 	141	304	75000000
TSLA  	2024	09	20	250	000	C P 	479	169	75000000
TSLA  	2024	09	20	260	000	C P 	339	70	75000000
TSLA  	2024	09	20	270	000	C P 	152	108	75000000
TSLA  	2024	09	20	280	000	C P 	105	226	75000000
TSLA  	2024	09	20	290	000	C P 	77	398	75000000
TSLA  	2024	09	20	300	000	C P 	844	505	75000000
TSLA  	2024	09	20	310	000	C P 	79	7	75000000
TSLA  	2024	09	20	320	000	C P 	86	4	75000000
TSLA  	2024	09	20	330	000	C P 	84	3	75000000
TSLA  	2024	09	20	340	000	C P 	592	1	75000000
TSLA  	2024	09	20	350	000	C P 	1068	2	75000000
TSLA  	2025	01	17	5	000	C P 	683	7854	75000000
TSLA  	2025	01	17	10	000	C P 	137	595	75000000
TSLA  	2025	01	17	15	000	C P 	28	1133	75000000
TSLA  	2025	01	17	20	000	C P 	388	5754	75000000
TSLA  	2025	01	17	25	000	C P 	92	2479	75000000
TSLA  	2025	01	17	30	000	C P 	13749	16210	75000000
TSLA  	2025	01	17	35	000	C P 	257	1061	75000000
TSLA  	2025	01	17	40	000	C P 	13206	14310	75000000
TSLA  	2025	01	17	45	000	C P 	310	1519	75000000
TSLA  	2025	01	17	50	000	C P 	1901	8105	75000000
TSLA  	2025	01	17	55	000	C P 	969	3288	75000000
TSLA  	2025	01	17	60	000	C P 	499	1995	75000000
TSLA  	2025	01	17	65	000	C P 	661	649	75000000
TSLA  	2025	01	17	70	000	C P 	1872	1432	75000000
TSLA  	2025	01	17	75	000	C P 	164	4376	75000000
TSLA  	2025	01	17	80	000	C P 	1291	1905	75000000
TSLA  	2025	01	17	85	000	C P 	1822	1496	75000000
TSLA  	2025	01	17	90	000	C P 	1004	5603	75000000
TSLA  	2025	01	17	95	000	C P 	90	358	75000000
TSLA  	2025	01	17	100	000	C P 	5502	16092	75000000
TSLA  	2025	01	17	105	000	C P 	161	1583	75000000
TSLA  	2025	01	17	110	000	C P 	4654	7061	75000000
TSLA  	2025	01	17	115	000	C P 	2729	3565	75000000
TSLA  	2025	01	17	120	000	C P 	8780	5961	75000000
TSLA  	2025	01	17	125	000	C P 	1934	863	75000000
TSLA  	2025	01	17	130	000	C P 	5636	7173	75000000
TSLA  	2025	01	17	135	000	C P 	5412	751	75000000
TSLA  	2025	01	17	140	000	C P 	8518	4493	75000000
TSLA  	2025	01	17	145	000	C P 	838	313	75000000
TSLA  	2025	01	17	150	000	C P 	12477	9301	75000000
TSLA  	2025	01	17	155	000	C P 	248	176	75000000
TSLA  	2025	01	17	160	000	C P 	6110	5640	75000000
TSLA  	2025	01	17	165	000	C P 	202	428	75000000
TSLA  	2025	01	17	170	000	C P 	33072	9166	75000000
TSLA  	2025	01	17	175	000	C P 	33627	4214	75000000
TSLA  	2025	01	17	180	000	C P 	12365	8400	75000000
TSLA  	2025	01	17	185	000	C P 	11088	4508	75000000
TSLA  	2025	01	17	190	000	C P 	4773	4462	75000000
TSLA  	2025	01	17	195	000	C P 	2931	1728	75000000
TSLA  	2025	01	17	200	000	C P 	26601	11261	75000000
TSLA  	2025	01	17	210	000	C P 	4179	2688	75000000
TSLA  	2025	01	17	220	000	C P 	2297	4184	75000000
TSLA  	2025	01	17	230	000	C P 	2387	3292	75000000
TSLA  	2025	01	17	240	000	C P 	2435	4109	75000000
TSLA  	2025	01	17	250	000	C P 	10792	4812	75000000
TSLA  	2025	01	17	260	000	C P 	4501	1747	75000000
TSLA  	2025	01	17	270	000	C P 	2324	1251	75000000
TSLA  	2025	01	17	280	000	C P 	2417	2895	75000000
TSLA  	2025	01	17	290	000	C P 	3697	847	75000000
TSLA  	2025	01	17	300	000	C P 	32679	2049	75000000
TSLA  	2025	01	17	310	000	C P 	4369	339	75000000
TSLA  	2025	01	17	320	000	C P 	1397	755	75000000
TSLA  	2025	01	17	330	000	C P 	2243	741	75000000
TSLA  	2025	01	17	340	000	C P 	1086	212	75000000
TSLA  	2025	01	17	350	000	C P 	6596	447	75000000
TSLA  	2025	01	17	360	000	C P 	1791	129	75000000
TSLA  	2025	01	17	370	000	C P 	1741	183	75000000
TSLA  	2025	01	17	380	000	C P 	1423	2	75000000
TSLA  	2025	01	17	390	000	C P 	1812	0	75000000
TSLA  	2025	01	17	400	000	C P 	18207	3	75000000
TSLA  	2025	01	17	410	000	C P 	4157	0	75000000
TSLA  	2025	01	17	420	000	C P 	2889	0	75000000
TSLA  	2025	01	17	430	000	C P 	547	0	75000000
TSLA  	2025	01	17	440	000	C P 	602	0	75000000
TSLA  	2025	01	17	450	000	C P 	2327	0	75000000
TSLA  	2025	01	17	460	000	C P 	901	1	75000000
TSLA  	2025	01	17	470	000	C P 	1019	0	75000000
TSLA  	2025	01	17	480	000	C P 	730	0	75000000
TSLA  	2025	01	17	490	000	C P 	717	0	75000000
TSLA  	2025	01	17	500	000	C P 	10735	0	75000000
TSLA  	2025	01	17	510	000	C P 	1088	0	75000000
TSLA  	2025	01	17	520	000	C P 	8322	0	75000000
TSLA  	2025	01	17	530	000	C P 	616	0	75000000
TSLA  	2025	01	17	540	000	C P 	528	0	75000000
TSLA  	2025	01	17	550	000	C P 	1870	0	75000000
TSLA  	2025	01	17	560	000	C P 	570	0	75000000
TSLA  	2025	01	17	570	000	C P 	657	0	75000000
TSLA  	2025	01	17	580	000	C P 	847	0	75000000
TSLA  	2025	01	17	590	000	C P 	468	0	75000000
TSLA  	2025	01	17	600	000	C P 	15414	0	75000000
TSLA  	2025	01	17	610	000	C P 	17171	0	75000000
TSLA  	2025	06	20	5	000	C P 	169	330	75000000
TSLA  	2025	06	20	10	000	C P 	2	63	75000000
TSLA  	2025	06	20	15	000	C P 	6	616	75000000
TSLA  	2025	06	20	20	000	C P 	6	146	75000000
TSLA  	2025	06	20	25	000	C P 	6	32	75000000
TSLA  	2025	06	20	30	000	C P 	81	19	75000000
TSLA  	2025	06	20	35	000	C P 	2	47	75000000
TSLA  	2025	06	20	40	000	C P 	3	190	75000000
TSLA  	2025	06	20	45	000	C P 	14	24	75000000
TSLA  	2025	06	20	50	000	C P 	88	90	75000000
TSLA  	2025	06	20	55	000	C P 	1	35	75000000
TSLA  	2025	06	20	60	000	C P 	13	109	75000000
TSLA  	2025	06	20	65	000	C P 	7	276	75000000
TSLA  	2025	06	20	70	000	C P 	24	52	75000000
TSLA  	2025	06	20	75	000	C P 	18	1326	75000000
TSLA  	2025	06	20	80	000	C P 	296	30	75000000
TSLA  	2025	06	20	85	000	C P 	32	71	75000000
TSLA  	2025	06	20	90	000	C P 	9911	53	75000000
TSLA  	2025	06	20	95	000	C P 	46375	25	75000000
TSLA  	2025	06	20	100	000	C P 	658	2919	75000000
TSLA  	2025	06	20	105	000	C P 	14	26	75000000
TSLA  	2025	06	20	110	000	C P 	169	2252	75000000
TSLA  	2025	06	20	115	000	C P 	84	31	75000000
TSLA  	2025	06	20	120	000	C P 	249	1478	75000000
TSLA  	2025	06	20	125	000	C P 	237	162	75000000
TSLA  	2025	06	20	130	000	C P 	1275	1775	75000000
TSLA  	2025	06	20	135	000	C P 	721	108	75000000
TSLA  	2025	06	20	140	000	C P 	601	1740	75000000
TSLA  	2025	06	20	145	000	C P 	167	55	75000000
TSLA  	2025	06	20	150	000	C P 	841	97	75000000
TSLA  	2025	06	20	155	000	C P 	36	4	75000000
TSLA  	2025	06	20	160	000	C P 	259	57	75000000
TSLA  	2025	06	20	165	000	C P 	56	6	75000000
TSLA  	2025	06	20	170	000	C P 	94	18	75000000
TSLA  	2025	06	20	175	000	C P 	106	18	75000000
TSLA  	2025	06	20	180	000	C P 	354	23	75000000
TSLA  	2025	06	20	185	000	C P 	28	8	75000000
TSLA  	2025	06	20	190	000	C P 	57	5	75000000
TSLA  	2025	06	20	195	000	C P 	53	5	75000000
TSLA  	2025	06	20	200	000	C P 	1437	57	75000000
TSLA  	2025	06	20	205	000	C P 	92	3	75000000
TSLA  	2025	06	20	210	000	C P 	80	1	75000000
TSLA  	2025	06	20	215	000	C P 	45	6	75000000
TSLA  	2025	06	20	220	000	C P 	297	35	75000000
TSLA  	2025	06	20	225	000	C P 	67	3	75000000
TSLA  	2025	06	20	230	000	C P 	90	27	75000000
TSLA  	2025	06	20	235	000	C P 	102	54	75000000
TSLA  	2025	06	20	240	000	C P 	1953	83	75000000
