ProductSymbol	Year	Month	Day	Integer	Dec	C/P	Call	Put	PositionLimit	
TSLA  	2023	01	27	15	000	C P 	0	6	75000000
TSLA  	2023	01	27	20	000	C P 	0	37	75000000
TSLA  	2023	01	27	25	000	C P 	4	135	75000000
TSLA  	2023	01	27	30	000	C P 	0	366	75000000
TSLA  	2023	01	27	35	000	C P 	15	275	75000000
TSLA  	2023	01	27	40	000	C P 	1	1829	75000000
TSLA  	2023	01	27	45	000	C P 	0	125	75000000
TSLA  	2023	01	27	50	000	C P 	115	2497	75000000
TSLA  	2023	01	27	55	000	C P 	14	2903	75000000
TSLA  	2023	01	27	60	000	C P 	7	3537	75000000
TSLA  	2023	01	27	65	000	C P 	12	6568	75000000
TSLA  	2023	01	27	70	000	C P 	30	14336	75000000
TSLA  	2023	01	27	75	000	C P 	31	6861	75000000
TSLA  	2023	01	27	80	000	C P 	237	8273	75000000
TSLA  	2023	01	27	85	000	C P 	79	12708	75000000
TSLA  	2023	01	27	86	000	C P 	3	1782	75000000
TSLA  	2023	01	27	87	000	C P 	4	91	75000000
TSLA  	2023	01	27	88	000	C P 	4	90	75000000
TSLA  	2023	01	27	89	000	C P 	9	691	75000000
TSLA  	2023	01	27	90	000	C P 	317	9236	75000000
TSLA  	2023	01	27	91	000	C P 	9	854	75000000
TSLA  	2023	01	27	92	000	C P 	30	1772	75000000
TSLA  	2023	01	27	93	000	C P 	25	362	75000000
TSLA  	2023	01	27	94	000	C P 	41	1348	75000000
TSLA  	2023	01	27	95	000	C P 	129	5785	75000000
TSLA  	2023	01	27	96	000	C P 	20	269	75000000
TSLA  	2023	01	27	97	000	C P 	12	766	75000000
TSLA  	2023	01	27	98	000	C P 	19	2246	75000000
TSLA  	2023	01	27	99	000	C P 	156	1469	75000000
TSLA  	2023	01	27	100	000	C P 	681	28071	75000000
TSLA  	2023	01	27	101	000	C P 	113	1002	75000000
TSLA  	2023	01	27	102	000	C P 	84	1830	75000000
TSLA  	2023	01	27	103	000	C P 	231	1906	75000000
TSLA  	2023	01	27	104	000	C P 	188	1074	75000000
TSLA  	2023	01	27	105	000	C P 	645	7747	75000000
TSLA  	2023	01	27	106	000	C P 	216	1094	75000000
TSLA  	2023	01	27	107	000	C P 	289	819	75000000
TSLA  	2023	01	27	108	000	C P 	256	1492	75000000
TSLA  	2023	01	27	109	000	C P 	588	1049	75000000
TSLA  	2023	01	27	110	000	C P 	3561	17812	75000000
TSLA  	2023	01	27	111	000	C P 	966	1721	75000000
TSLA  	2023	01	27	112	000	C P 	1032	3751	75000000
TSLA  	2023	01	27	113	000	C P 	703	2150	75000000
TSLA  	2023	01	27	114	000	C P 	436	2673	75000000
TSLA  	2023	01	27	115	000	C P 	4201	11560	75000000
TSLA  	2023	01	27	116	000	C P 	704	3271	75000000
TSLA  	2023	01	27	117	000	C P 	687	2435	75000000
TSLA  	2023	01	27	118	000	C P 	1444	3022	75000000
TSLA  	2023	01	27	119	000	C P 	1180	2348	75000000
TSLA  	2023	01	27	120	000	C P 	4634	20069	75000000
TSLA  	2023	01	27	121	000	C P 	974	2815	75000000
TSLA  	2023	01	27	122	000	C P 	2175	4400	75000000
TSLA  	2023	01	27	123	000	C P 	2343	2938	75000000
TSLA  	2023	01	27	124	000	C P 	1559	5244	75000000
TSLA  	2023	01	27	125	000	C P 	7083	18538	75000000
TSLA  	2023	01	27	126	000	C P 	2281	3067	75000000
TSLA  	2023	01	27	127	000	C P 	2776	7925	75000000
TSLA  	2023	01	27	128	000	C P 	1937	7137	75000000
TSLA  	2023	01	27	129	000	C P 	2989	4038	75000000
TSLA  	2023	01	27	130	000	C P 	16056	19839	75000000
TSLA  	2023	01	27	131	000	C P 	2689	10545	75000000
TSLA  	2023	01	27	132	000	C P 	2789	5718	75000000
TSLA  	2023	01	27	133	000	C P 	2553	3586	75000000
TSLA  	2023	01	27	134	000	C P 	3448	2863	75000000
TSLA  	2023	01	27	135	000	C P 	11389	9753	75000000
TSLA  	2023	01	27	136	000	C P 	1468	2761	75000000
TSLA  	2023	01	27	137	000	C P 	2233	2736	75000000
TSLA  	2023	01	27	138	000	C P 	1825	3537	75000000
TSLA  	2023	01	27	139	000	C P 	3117	1864	75000000
TSLA  	2023	01	27	140	000	C P 	21624	9815	75000000
TSLA  	2023	01	27	141	000	C P 	2790	2608	75000000
TSLA  	2023	01	27	142	000	C P 	4385	2012	75000000
TSLA  	2023	01	27	143	000	C P 	3567	2365	75000000
TSLA  	2023	01	27	144	000	C P 	2297	1316	75000000
TSLA  	2023	01	27	145	000	C P 	16882	6676	75000000
TSLA  	2023	01	27	146	000	C P 	2049	513	75000000
TSLA  	2023	01	27	147	000	C P 	2683	726	75000000
TSLA  	2023	01	27	148	000	C P 	2216	620	75000000
TSLA  	2023	01	27	149	000	C P 	1644	733	75000000
TSLA  	2023	01	27	150	000	C P 	38348	7746	75000000
TSLA  	2023	01	27	152	500	C P 	6066	600	75000000
TSLA  	2023	01	27	155	000	C P 	15559	3819	75000000
TSLA  	2023	01	27	157	500	C P 	4250	1082	75000000
TSLA  	2023	01	27	160	000	C P 	29136	14037	75000000
TSLA  	2023	01	27	162	500	C P 	4934	783	75000000
TSLA  	2023	01	27	165	000	C P 	14017	5347	75000000
TSLA  	2023	01	27	167	500	C P 	3559	880	75000000
TSLA  	2023	01	27	170	000	C P 	22761	2532	75000000
TSLA  	2023	01	27	172	500	C P 	1477	636	75000000
TSLA  	2023	01	27	175	000	C P 	10840	1410	75000000
TSLA  	2023	01	27	180	000	C P 	13099	2130	75000000
TSLA  	2023	01	27	185	000	C P 	6814	993	75000000
TSLA  	2023	01	27	190	000	C P 	4805	62	75000000
TSLA  	2023	01	27	195	000	C P 	4123	12	75000000
TSLA  	2023	01	27	200	000	C P 	18129	7	75000000
TSLA  	2023	01	27	205	000	C P 	7126	0	75000000
TSLA  	2023	01	27	210	000	C P 	6205	1	75000000
TSLA  	2023	01	27	215	000	C P 	2194	0	75000000
TSLA  	2023	01	27	220	000	C P 	1519	0	75000000
TSLA  	2023	01	27	225	000	C P 	1354	0	75000000
TSLA  	2023	01	27	230	000	C P 	1571	0	75000000
TSLA  	2023	01	27	235	000	C P 	1263	0	75000000
TSLA  	2023	01	27	240	000	C P 	2682	1	75000000
TSLA  	2023	01	27	245	000	C P 	1661	0	75000000
TSLA  	2023	01	27	250	000	C P 	12625	0	75000000
TSLA  	2023	01	27	255	000	C P 	460	0	75000000
TSLA  	2023	01	27	260	000	C P 	270	0	75000000
TSLA  	2023	01	27	265	000	C P 	463	0	75000000
TSLA  	2023	01	27	270	000	C P 	971	0	75000000
TSLA  	2023	01	27	275	000	C P 	178	0	75000000
TSLA  	2023	01	27	280	000	C P 	472	1	75000000
TSLA  	2023	01	27	285	000	C P 	259	0	75000000
TSLA  	2023	01	27	290	000	C P 	277	0	75000000
TSLA  	2023	01	27	295	000	C P 	53	0	75000000
TSLA  	2023	01	27	300	000	C P 	1193	0	75000000
TSLA  	2023	01	27	305	000	C P 	29	0	75000000
TSLA  	2023	01	27	310	000	C P 	149	0	75000000
TSLA  	2023	01	27	315	000	C P 	90	0	75000000
TSLA  	2023	01	27	320	000	C P 	65	0	75000000
TSLA  	2023	01	27	325	000	C P 	51	0	75000000
TSLA  	2023	01	27	330	000	C P 	8	0	75000000
TSLA  	2023	01	27	335	000	C P 	16	0	75000000
TSLA  	2023	01	27	340	000	C P 	267	0	75000000
TSLA  	2023	01	27	345	000	C P 	107	0	75000000
TSLA  	2023	01	27	350	000	C P 	855	0	75000000
TSLA  	2023	02	03	15	000	C P 	22	40	75000000
TSLA  	2023	02	03	20	000	C P 	0	597	75000000
TSLA  	2023	02	03	25	000	C P 	0	93	75000000
TSLA  	2023	02	03	30	000	C P 	0	378	75000000
TSLA  	2023	02	03	35	000	C P 	0	1617	75000000
TSLA  	2023	02	03	40	000	C P 	0	415	75000000
TSLA  	2023	02	03	45	000	C P 	0	1879	75000000
TSLA  	2023	02	03	50	000	C P 	56	3193	75000000
TSLA  	2023	02	03	55	000	C P 	10	1002	75000000
TSLA  	2023	02	03	60	000	C P 	12	4313	75000000
TSLA  	2023	02	03	65	000	C P 	19	1266	75000000
TSLA  	2023	02	03	70	000	C P 	64	1939	75000000
TSLA  	2023	02	03	75	000	C P 	18	4048	75000000
TSLA  	2023	02	03	80	000	C P 	45	5822	75000000
TSLA  	2023	02	03	85	000	C P 	59	5382	75000000
TSLA  	2023	02	03	86	000	C P 	1	16	75000000
TSLA  	2023	02	03	87	000	C P 	0	12	75000000
TSLA  	2023	02	03	88	000	C P 	3	70	75000000
TSLA  	2023	02	03	89	000	C P 	5	513	75000000
TSLA  	2023	02	03	90	000	C P 	171	5812	75000000
TSLA  	2023	02	03	91	000	C P 	0	2	75000000
TSLA  	2023	02	03	92	000	C P 	0	1	75000000
TSLA  	2023	02	03	93	000	C P 	0	1301	75000000
TSLA  	2023	02	03	94	000	C P 	8	1284	75000000
TSLA  	2023	02	03	95	000	C P 	34	1766	75000000
TSLA  	2023	02	03	96	000	C P 	0	948	75000000
TSLA  	2023	02	03	97	000	C P 	1	151	75000000
TSLA  	2023	02	03	98	000	C P 	6	411	75000000
TSLA  	2023	02	03	99	000	C P 	18	693	75000000
TSLA  	2023	02	03	100	000	C P 	399	6480	75000000
TSLA  	2023	02	03	101	000	C P 	10	407	75000000
TSLA  	2023	02	03	102	000	C P 	19	541	75000000
TSLA  	2023	02	03	103	000	C P 	63	368	75000000
TSLA  	2023	02	03	104	000	C P 	145	475	75000000
TSLA  	2023	02	03	105	000	C P 	589	2442	75000000
TSLA  	2023	02	03	106	000	C P 	93	934	75000000
TSLA  	2023	02	03	107	000	C P 	106	341	75000000
TSLA  	2023	02	03	108	000	C P 	87	1099	75000000
TSLA  	2023	02	03	109	000	C P 	185	1100	75000000
TSLA  	2023	02	03	110	000	C P 	1425	7298	75000000
TSLA  	2023	02	03	111	000	C P 	170	1038	75000000
TSLA  	2023	02	03	112	000	C P 	217	760	75000000
TSLA  	2023	02	03	113	000	C P 	263	899	75000000
TSLA  	2023	02	03	114	000	C P 	399	938	75000000
TSLA  	2023	02	03	115	000	C P 	1163	3680	75000000
TSLA  	2023	02	03	116	000	C P 	447	811	75000000
TSLA  	2023	02	03	117	000	C P 	164	363	75000000
TSLA  	2023	02	03	118	000	C P 	221	1235	75000000
TSLA  	2023	02	03	119	000	C P 	231	619	75000000
TSLA  	2023	02	03	120	000	C P 	2166	5899	75000000
TSLA  	2023	02	03	121	000	C P 	301	955	75000000
TSLA  	2023	02	03	122	000	C P 	653	2354	75000000
TSLA  	2023	02	03	123	000	C P 	1067	3077	75000000
TSLA  	2023	02	03	124	000	C P 	770	1597	75000000
TSLA  	2023	02	03	125	000	C P 	1717	3059	75000000
TSLA  	2023	02	03	126	000	C P 	344	1679	75000000
TSLA  	2023	02	03	127	000	C P 	617	1354	75000000
TSLA  	2023	02	03	128	000	C P 	646	1420	75000000
TSLA  	2023	02	03	129	000	C P 	1140	864	75000000
TSLA  	2023	02	03	130	000	C P 	4932	7367	75000000
TSLA  	2023	02	03	131	000	C P 	862	955	75000000
TSLA  	2023	02	03	132	000	C P 	1039	1606	75000000
TSLA  	2023	02	03	133	000	C P 	1124	1169	75000000
TSLA  	2023	02	03	134	000	C P 	765	2710	75000000
TSLA  	2023	02	03	135	000	C P 	2887	2629	75000000
TSLA  	2023	02	03	136	000	C P 	486	1487	75000000
TSLA  	2023	02	03	137	000	C P 	559	1383	75000000
TSLA  	2023	02	03	138	000	C P 	465	1502	75000000
TSLA  	2023	02	03	139	000	C P 	425	320	75000000
TSLA  	2023	02	03	140	000	C P 	3979	2533	75000000
TSLA  	2023	02	03	141	000	C P 	581	361	75000000
TSLA  	2023	02	03	142	000	C P 	623	1268	75000000
TSLA  	2023	02	03	143	000	C P 	1167	487	75000000
TSLA  	2023	02	03	144	000	C P 	1486	346	75000000
TSLA  	2023	02	03	145	000	C P 	5819	1204	75000000
TSLA  	2023	02	03	146	000	C P 	316	168	75000000
TSLA  	2023	02	03	147	000	C P 	327	177	75000000
TSLA  	2023	02	03	148	000	C P 	331	341	75000000
TSLA  	2023	02	03	149	000	C P 	442	73	75000000
TSLA  	2023	02	03	150	000	C P 	7733	1359	75000000
TSLA  	2023	02	03	152	500	C P 	351	178	75000000
TSLA  	2023	02	03	155	000	C P 	4098	248	75000000
TSLA  	2023	02	03	157	500	C P 	447	44	75000000
TSLA  	2023	02	03	160	000	C P 	3915	5780	75000000
TSLA  	2023	02	03	162	500	C P 	249	99	75000000
TSLA  	2023	02	03	165	000	C P 	4354	351	75000000
TSLA  	2023	02	03	167	500	C P 	228	75	75000000
TSLA  	2023	02	03	170	000	C P 	3295	355	75000000
TSLA  	2023	02	03	172	500	C P 	275	103	75000000
TSLA  	2023	02	03	175	000	C P 	5757	335	75000000
TSLA  	2023	02	03	180	000	C P 	5722	535	75000000
TSLA  	2023	02	03	185	000	C P 	2038	291	75000000
TSLA  	2023	02	03	190	000	C P 	1076	155	75000000
TSLA  	2023	02	03	195	000	C P 	2034	59	75000000
TSLA  	2023	02	03	200	000	C P 	3546	80	75000000
TSLA  	2023	02	03	205	000	C P 	2135	5	75000000
TSLA  	2023	02	03	210	000	C P 	2965	3	75000000
TSLA  	2023	02	03	215	000	C P 	7696	2	75000000
TSLA  	2023	02	03	220	000	C P 	8907	9	75000000
TSLA  	2023	02	03	225	000	C P 	6306	0	75000000
TSLA  	2023	02	03	230	000	C P 	1906	0	75000000
TSLA  	2023	02	03	235	000	C P 	551	0	75000000
TSLA  	2023	02	03	240	000	C P 	1346	0	75000000
TSLA  	2023	02	03	245	000	C P 	1108	0	75000000
TSLA  	2023	02	03	250	000	C P 	1410	0	75000000
TSLA  	2023	02	03	255	000	C P 	133	0	75000000
TSLA  	2023	02	03	260	000	C P 	267	0	75000000
TSLA  	2023	02	03	265	000	C P 	238	0	75000000
TSLA  	2023	02	03	270	000	C P 	1029	0	75000000
TSLA  	2023	02	10	15	000	C P 	0	120	75000000
TSLA  	2023	02	10	20	000	C P 	0	1	75000000
TSLA  	2023	02	10	25	000	C P 	0	250	75000000
TSLA  	2023	02	10	30	000	C P 	0	1498	75000000
TSLA  	2023	02	10	35	000	C P 	0	1446	75000000
TSLA  	2023	02	10	40	000	C P 	0	934	75000000
TSLA  	2023	02	10	45	000	C P 	0	1868	75000000
TSLA  	2023	02	10	50	000	C P 	5	2207	75000000
TSLA  	2023	02	10	55	000	C P 	2	1166	75000000
TSLA  	2023	02	10	60	000	C P 	1	2275	75000000
TSLA  	2023	02	10	65	000	C P 	4	579	75000000
TSLA  	2023	02	10	70	000	C P 	13	1080	75000000
TSLA  	2023	02	10	75	000	C P 	3	809	75000000
TSLA  	2023	02	10	80	000	C P 	12	1222	75000000
TSLA  	2023	02	10	85	000	C P 	5	935	75000000
TSLA  	2023	02	10	90	000	C P 	66	1707	75000000
TSLA  	2023	02	10	95	000	C P 	13	852	75000000
TSLA  	2023	02	10	98	000	C P 	0	158	75000000
TSLA  	2023	02	10	99	000	C P 	4	555	75000000
TSLA  	2023	02	10	100	000	C P 	46	2493	75000000
TSLA  	2023	02	10	101	000	C P 	13	243	75000000
TSLA  	2023	02	10	102	000	C P 	13	327	75000000
TSLA  	2023	02	10	103	000	C P 	8	233	75000000
TSLA  	2023	02	10	104	000	C P 	35	243	75000000
TSLA  	2023	02	10	105	000	C P 	108	1312	75000000
TSLA  	2023	02	10	106	000	C P 	41	470	75000000
TSLA  	2023	02	10	107	000	C P 	22	444	75000000
TSLA  	2023	02	10	108	000	C P 	63	440	75000000
TSLA  	2023	02	10	109	000	C P 	67	317	75000000
TSLA  	2023	02	10	110	000	C P 	707	1267	75000000
TSLA  	2023	02	10	111	000	C P 	100	264	75000000
TSLA  	2023	02	10	112	000	C P 	44	286	75000000
TSLA  	2023	02	10	113	000	C P 	128	494	75000000
TSLA  	2023	02	10	114	000	C P 	130	5947	75000000
TSLA  	2023	02	10	115	000	C P 	294	1456	75000000
TSLA  	2023	02	10	116	000	C P 	111	458	75000000
TSLA  	2023	02	10	117	000	C P 	165	267	75000000
TSLA  	2023	02	10	118	000	C P 	138	458	75000000
TSLA  	2023	02	10	119	000	C P 	134	393	75000000
TSLA  	2023	02	10	120	000	C P 	862	3391	75000000
TSLA  	2023	02	10	121	000	C P 	276	441	75000000
TSLA  	2023	02	10	122	000	C P 	659	591	75000000
TSLA  	2023	02	10	123	000	C P 	153	502	75000000
TSLA  	2023	02	10	124	000	C P 	351	425	75000000
TSLA  	2023	02	10	125	000	C P 	832	996	75000000
TSLA  	2023	02	10	126	000	C P 	290	573	75000000
TSLA  	2023	02	10	127	000	C P 	395	345	75000000
TSLA  	2023	02	10	128	000	C P 	1235	349	75000000
TSLA  	2023	02	10	129	000	C P 	686	693	75000000
TSLA  	2023	02	10	130	000	C P 	1594	1319	75000000
TSLA  	2023	02	10	131	000	C P 	494	531	75000000
TSLA  	2023	02	10	132	000	C P 	676	567	75000000
TSLA  	2023	02	10	133	000	C P 	355	230	75000000
TSLA  	2023	02	10	134	000	C P 	284	189	75000000
TSLA  	2023	02	10	135	000	C P 	1859	1180	75000000
TSLA  	2023	02	10	136	000	C P 	335	307	75000000
TSLA  	2023	02	10	137	000	C P 	528	1155	75000000
TSLA  	2023	02	10	138	000	C P 	211	2245	75000000
TSLA  	2023	02	10	139	000	C P 	233	2054	75000000
TSLA  	2023	02	10	140	000	C P 	2504	639	75000000
TSLA  	2023	02	10	141	000	C P 	236	253	75000000
TSLA  	2023	02	10	142	000	C P 	250	643	75000000
TSLA  	2023	02	10	145	000	C P 	1987	527	75000000
TSLA  	2023	02	10	150	000	C P 	3359	1544	75000000
TSLA  	2023	02	10	152	500	C P 	192	181	75000000
TSLA  	2023	02	10	155	000	C P 	1631	155	75000000
TSLA  	2023	02	10	157	500	C P 	213	6	75000000
TSLA  	2023	02	10	160	000	C P 	3254	59	75000000
TSLA  	2023	02	10	165	000	C P 	853	5202	75000000
TSLA  	2023	02	10	170	000	C P 	1602	33	75000000
TSLA  	2023	02	10	175	000	C P 	704	7	75000000
TSLA  	2023	02	10	180	000	C P 	780	9	75000000
TSLA  	2023	02	10	185	000	C P 	793	14	75000000
TSLA  	2023	02	10	190	000	C P 	787	12	75000000
TSLA  	2023	02	10	195	000	C P 	248	4	75000000
TSLA  	2023	02	10	200	000	C P 	1076	1	75000000
TSLA  	2023	02	10	205	000	C P 	850	9	75000000
TSLA  	2023	02	10	210	000	C P 	253	0	75000000
TSLA  	2023	02	10	215	000	C P 	237	0	75000000
TSLA  	2023	02	10	220	000	C P 	380	0	75000000
TSLA  	2023	02	10	225	000	C P 	396	0	75000000
TSLA  	2023	02	10	230	000	C P 	215	0	75000000
TSLA  	2023	02	10	235	000	C P 	56	0	75000000
TSLA  	2023	02	10	240	000	C P 	195	0	75000000
TSLA  	2023	02	10	245	000	C P 	709	0	75000000
TSLA  	2023	02	17	15	000	C P 	62	304	75000000
TSLA  	2023	02	17	20	000	C P 	35	40	75000000
TSLA  	2023	02	17	25	000	C P 	2	99	75000000
TSLA  	2023	02	17	30	000	C P 	71	2723	75000000
TSLA  	2023	02	17	35	000	C P 	0	5413	75000000
TSLA  	2023	02	17	40	000	C P 	85	10285	75000000
TSLA  	2023	02	17	45	000	C P 	0	1607	75000000
TSLA  	2023	02	17	50	000	C P 	934	14147	75000000
TSLA  	2023	02	17	55	000	C P 	30	5452	75000000
TSLA  	2023	02	17	60	000	C P 	521	9372	75000000
TSLA  	2023	02	17	65	000	C P 	28	3912	75000000
TSLA  	2023	02	17	70	000	C P 	77	50752	75000000
TSLA  	2023	02	17	75	000	C P 	93	7809	75000000
TSLA  	2023	02	17	80	000	C P 	211	21739	75000000
TSLA  	2023	02	17	85	000	C P 	233	12272	75000000
TSLA  	2023	02	17	90	000	C P 	304	16231	75000000
TSLA  	2023	02	17	95	000	C P 	2139	18018	75000000
TSLA  	2023	02	17	100	000	C P 	5792	38000	75000000
TSLA  	2023	02	17	105	000	C P 	20843	28983	75000000
TSLA  	2023	02	17	110	000	C P 	3683	24356	75000000
TSLA  	2023	02	17	115	000	C P 	16747	24185	75000000
TSLA  	2023	02	17	118	000	C P 	28	235	75000000
TSLA  	2023	02	17	119	000	C P 	1	39	75000000
TSLA  	2023	02	17	120	000	C P 	26984	43659	75000000
TSLA  	2023	02	17	121	000	C P 	13	131	75000000
TSLA  	2023	02	17	122	000	C P 	13	82	75000000
TSLA  	2023	02	17	123	000	C P 	20	303	75000000
TSLA  	2023	02	17	124	000	C P 	20	97	75000000
TSLA  	2023	02	17	125	000	C P 	16413	13312	75000000
TSLA  	2023	02	17	126	000	C P 	31	649	75000000
TSLA  	2023	02	17	127	000	C P 	21	134	75000000
TSLA  	2023	02	17	128	000	C P 	36	159	75000000
TSLA  	2023	02	17	129	000	C P 	42	76	75000000
TSLA  	2023	02	17	130	000	C P 	14202	11951	75000000
TSLA  	2023	02	17	131	000	C P 	36	800	75000000
TSLA  	2023	02	17	132	000	C P 	120	959	75000000
TSLA  	2023	02	17	133	000	C P 	60	520	75000000
TSLA  	2023	02	17	134	000	C P 	29	224	75000000
TSLA  	2023	02	17	135	000	C P 	9302	8565	75000000
TSLA  	2023	02	17	136	000	C P 	127	288	75000000
TSLA  	2023	02	17	137	000	C P 	191	475	75000000
TSLA  	2023	02	17	138	000	C P 	197	327	75000000
TSLA  	2023	02	17	139	000	C P 	254	612	75000000
TSLA  	2023	02	17	140	000	C P 	9313	8066	75000000
TSLA  	2023	02	17	141	000	C P 	304	411	75000000
TSLA  	2023	02	17	142	000	C P 	496	591	75000000
TSLA  	2023	02	17	145	000	C P 	7049	9376	75000000
TSLA  	2023	02	17	150	000	C P 	22018	14837	75000000
TSLA  	2023	02	17	152	500	C P 	468	158	75000000
TSLA  	2023	02	17	155	000	C P 	12630	2722	75000000
TSLA  	2023	02	17	157	500	C P 	201	157	75000000
TSLA  	2023	02	17	160	000	C P 	43049	7855	75000000
TSLA  	2023	02	17	165	000	C P 	13698	9662	75000000
TSLA  	2023	02	17	170	000	C P 	11783	8561	75000000
TSLA  	2023	02	17	175	000	C P 	9080	5238	75000000
TSLA  	2023	02	17	180	000	C P 	9068	7818	75000000
TSLA  	2023	02	17	185	000	C P 	14951	4192	75000000
TSLA  	2023	02	17	190	000	C P 	5293	3035	75000000
TSLA  	2023	02	17	195	000	C P 	4544	4097	75000000
TSLA  	2023	02	17	200	000	C P 	28865	1751	75000000
TSLA  	2023	02	17	205	000	C P 	3883	1201	75000000
TSLA  	2023	02	17	210	000	C P 	4821	169	75000000
TSLA  	2023	02	17	215	000	C P 	5157	1251	75000000
TSLA  	2023	02	17	220	000	C P 	26216	90	75000000
TSLA  	2023	02	17	225	000	C P 	7132	55	75000000
TSLA  	2023	02	17	230	000	C P 	6075	167	75000000
TSLA  	2023	02	17	235	000	C P 	3729	5	75000000
TSLA  	2023	02	17	240	000	C P 	4918	2	75000000
TSLA  	2023	02	17	245	000	C P 	1637	2	75000000
TSLA  	2023	02	17	250	000	C P 	6088	47	75000000
TSLA  	2023	02	17	255	000	C P 	5884	18	75000000
TSLA  	2023	02	17	260	000	C P 	3162	68	75000000
TSLA  	2023	02	17	265	000	C P 	905	50	75000000
TSLA  	2023	02	17	270	000	C P 	4301	37	75000000
TSLA  	2023	02	17	275	000	C P 	3579	0	75000000
TSLA  	2023	02	17	280	000	C P 	4964	11	75000000
TSLA  	2023	02	17	285	000	C P 	1183	0	75000000
TSLA  	2023	02	17	290	000	C P 	1180	0	75000000
TSLA  	2023	02	17	295	000	C P 	1016	0	75000000
TSLA  	2023	02	17	300	000	C P 	6108	11	75000000
TSLA  	2023	02	17	305	000	C P 	706	20	75000000
TSLA  	2023	02	17	310	000	C P 	844	0	75000000
TSLA  	2023	02	17	315	000	C P 	640	0	75000000
TSLA  	2023	02	17	320	000	C P 	8039	1	75000000
TSLA  	2023	02	17	325	000	C P 	1028	0	75000000
TSLA  	2023	02	17	330	000	C P 	741	0	75000000
TSLA  	2023	02	17	335	000	C P 	516	0	75000000
TSLA  	2023	02	17	340	000	C P 	1977	0	75000000
TSLA  	2023	02	17	345	000	C P 	799	0	75000000
TSLA  	2023	02	17	350	000	C P 	2609	0	75000000
TSLA  	2023	02	17	355	000	C P 	567	0	75000000
TSLA  	2023	02	17	360	000	C P 	798	0	75000000
TSLA  	2023	02	17	365	000	C P 	1081	0	75000000
TSLA  	2023	02	17	370	000	C P 	528	0	75000000
TSLA  	2023	02	17	375	000	C P 	1345	0	75000000
TSLA  	2023	02	17	380	000	C P 	1436	0	75000000
TSLA  	2023	02	17	385	000	C P 	752	0	75000000
TSLA  	2023	02	17	390	000	C P 	477	0	75000000
TSLA  	2023	02	17	395	000	C P 	1295	0	75000000
TSLA  	2023	02	17	400	000	C P 	2458	0	75000000
TSLA  	2023	02	17	405	000	C P 	184	0	75000000
TSLA  	2023	02	17	410	000	C P 	288	0	75000000
TSLA  	2023	02	17	415	000	C P 	433	0	75000000
TSLA  	2023	02	17	420	000	C P 	406	0	75000000
TSLA  	2023	02	17	425	000	C P 	279	0	75000000
TSLA  	2023	02	17	430	000	C P 	243	0	75000000
TSLA  	2023	02	17	435	000	C P 	278	0	75000000
TSLA  	2023	02	17	440	000	C P 	532	0	75000000
TSLA  	2023	02	17	445	000	C P 	60	0	75000000
TSLA  	2023	02	17	450	000	C P 	570	0	75000000
TSLA  	2023	02	17	455	000	C P 	1492	0	75000000
TSLA  	2023	02	17	460	000	C P 	206	0	75000000
TSLA  	2023	02	17	465	000	C P 	711	0	75000000
TSLA  	2023	02	17	470	000	C P 	1209	0	75000000
TSLA  	2023	02	17	475	000	C P 	120	0	75000000
TSLA  	2023	02	17	480	000	C P 	116	0	75000000
TSLA  	2023	02	17	485	000	C P 	603	0	75000000
TSLA  	2023	02	17	490	000	C P 	154	0	75000000
TSLA  	2023	02	17	495	000	C P 	113	0	75000000
TSLA  	2023	02	17	500	000	C P 	910	0	75000000
TSLA  	2023	02	17	505	000	C P 	267	0	75000000
TSLA  	2023	02	17	510	000	C P 	334	0	75000000
TSLA  	2023	02	17	515	000	C P 	51	0	75000000
TSLA  	2023	02	17	520	000	C P 	187	0	75000000
TSLA  	2023	02	17	525	000	C P 	126	0	75000000
TSLA  	2023	02	17	530	000	C P 	72	0	75000000
TSLA  	2023	02	17	535	000	C P 	160	0	75000000
TSLA  	2023	02	17	540	000	C P 	115	0	75000000
TSLA  	2023	02	17	545	000	C P 	104	0	75000000
TSLA  	2023	02	17	550	000	C P 	201	0	75000000
TSLA  	2023	02	17	555	000	C P 	263	0	75000000
TSLA  	2023	02	17	560	000	C P 	378	0	75000000
TSLA  	2023	02	17	565	000	C P 	561	0	75000000
TSLA  	2023	02	17	570	000	C P 	224	0	75000000
TSLA  	2023	02	17	575	000	C P 	278	0	75000000
TSLA  	2023	02	17	580	000	C P 	586	0	75000000
TSLA  	2023	02	17	585	000	C P 	565	0	75000000
TSLA  	2023	02	17	590	000	C P 	264	0	75000000
TSLA  	2023	02	17	595	000	C P 	576	0	75000000
TSLA  	2023	02	17	600	000	C P 	1663	0	75000000
TSLA  	2023	02	24	15	000	C P 	1	8	75000000
TSLA  	2023	02	24	20	000	C P 	3	1	75000000
TSLA  	2023	02	24	25	000	C P 	3	3	75000000
TSLA  	2023	02	24	30	000	C P 	3	748	75000000
TSLA  	2023	02	24	35	000	C P 	0	17	75000000
TSLA  	2023	02	24	40	000	C P 	0	438	75000000
TSLA  	2023	02	24	45	000	C P 	0	1744	75000000
TSLA  	2023	02	24	50	000	C P 	0	1234	75000000
TSLA  	2023	02	24	55	000	C P 	0	818	75000000
TSLA  	2023	02	24	60	000	C P 	11	1015	75000000
TSLA  	2023	02	24	65	000	C P 	5	440	75000000
TSLA  	2023	02	24	70	000	C P 	5	331	75000000
TSLA  	2023	02	24	75	000	C P 	1	716	75000000
TSLA  	2023	02	24	80	000	C P 	5	936	75000000
TSLA  	2023	02	24	85	000	C P 	1	658	75000000
TSLA  	2023	02	24	90	000	C P 	25	1126	75000000
TSLA  	2023	02	24	95	000	C P 	16	1392	75000000
TSLA  	2023	02	24	98	000	C P 	15	198	75000000
TSLA  	2023	02	24	99	000	C P 	0	564	75000000
TSLA  	2023	02	24	100	000	C P 	47	1260	75000000
TSLA  	2023	02	24	101	000	C P 	21	260	75000000
TSLA  	2023	02	24	102	000	C P 	13	269	75000000
TSLA  	2023	02	24	103	000	C P 	5	122	75000000
TSLA  	2023	02	24	104	000	C P 	12	99	75000000
TSLA  	2023	02	24	105	000	C P 	37	948	75000000
TSLA  	2023	02	24	106	000	C P 	7	481	75000000
TSLA  	2023	02	24	107	000	C P 	8	535	75000000
TSLA  	2023	02	24	108	000	C P 	10	217	75000000
TSLA  	2023	02	24	109	000	C P 	7	157	75000000
TSLA  	2023	02	24	110	000	C P 	300	1041	75000000
TSLA  	2023	02	24	111	000	C P 	44	446	75000000
TSLA  	2023	02	24	112	000	C P 	56	430	75000000
TSLA  	2023	02	24	113	000	C P 	34	546	75000000
TSLA  	2023	02	24	114	000	C P 	393	581	75000000
TSLA  	2023	02	24	115	000	C P 	357	862	75000000
TSLA  	2023	02	24	116	000	C P 	272	327	75000000
TSLA  	2023	02	24	117	000	C P 	281	243	75000000
TSLA  	2023	02	24	118	000	C P 	140	341	75000000
TSLA  	2023	02	24	119	000	C P 	276	575	75000000
TSLA  	2023	02	24	120	000	C P 	446	1169	75000000
TSLA  	2023	02	24	121	000	C P 	316	425	75000000
TSLA  	2023	02	24	122	000	C P 	341	624	75000000
TSLA  	2023	02	24	123	000	C P 	385	504	75000000
TSLA  	2023	02	24	124	000	C P 	146	296	75000000
TSLA  	2023	02	24	125	000	C P 	518	721	75000000
TSLA  	2023	02	24	126	000	C P 	162	473	75000000
TSLA  	2023	02	24	127	000	C P 	84	428	75000000
TSLA  	2023	02	24	128	000	C P 	160	262	75000000
TSLA  	2023	02	24	129	000	C P 	256	1151	75000000
TSLA  	2023	02	24	130	000	C P 	2501	1580	75000000
TSLA  	2023	02	24	131	000	C P 	422	194	75000000
TSLA  	2023	02	24	132	000	C P 	261	441	75000000
TSLA  	2023	02	24	133	000	C P 	201	81	75000000
TSLA  	2023	02	24	134	000	C P 	249	146	75000000
TSLA  	2023	02	24	135	000	C P 	1990	362	75000000
TSLA  	2023	02	24	136	000	C P 	83	111	75000000
TSLA  	2023	02	24	137	000	C P 	53	60	75000000
TSLA  	2023	02	24	138	000	C P 	29	137	75000000
TSLA  	2023	02	24	139	000	C P 	138	92	75000000
TSLA  	2023	02	24	140	000	C P 	2651	293	75000000
TSLA  	2023	02	24	141	000	C P 	222	86	75000000
TSLA  	2023	02	24	142	000	C P 	391	239	75000000
TSLA  	2023	02	24	145	000	C P 	1567	386	75000000
TSLA  	2023	02	24	150	000	C P 	2512	129	75000000
TSLA  	2023	02	24	155	000	C P 	1019	20	75000000
TSLA  	2023	02	24	160	000	C P 	1363	28	75000000
TSLA  	2023	02	24	165	000	C P 	1929	172	75000000
TSLA  	2023	02	24	170	000	C P 	1180	74	75000000
TSLA  	2023	02	24	175	000	C P 	1013	14	75000000
TSLA  	2023	02	24	180	000	C P 	800	22	75000000
TSLA  	2023	02	24	185	000	C P 	592	20	75000000
TSLA  	2023	02	24	190	000	C P 	551	0	75000000
TSLA  	2023	02	24	195	000	C P 	259	0	75000000
TSLA  	2023	02	24	200	000	C P 	1401	4	75000000
TSLA  	2023	02	24	205	000	C P 	100	0	75000000
TSLA  	2023	02	24	210	000	C P 	321	0	75000000
TSLA  	2023	02	24	215	000	C P 	133	0	75000000
TSLA  	2023	02	24	220	000	C P 	191	1	75000000
TSLA  	2023	02	24	225	000	C P 	32	0	75000000
TSLA  	2023	02	24	230	000	C P 	213	0	75000000
TSLA  	2023	02	24	235	000	C P 	12	0	75000000
TSLA  	2023	02	24	240	000	C P 	10	1	75000000
TSLA  	2023	02	24	245	000	C P 	279	0	75000000
TSLA  	2023	03	03	15	000	C P 	6	20	75000000
TSLA  	2023	03	03	20	000	C P 	0	0	75000000
TSLA  	2023	03	03	25	000	C P 	1	47	75000000
TSLA  	2023	03	03	30	000	C P 	3	260	75000000
TSLA  	2023	03	03	35	000	C P 	3	0	75000000
TSLA  	2023	03	03	40	000	C P 	0	0	75000000
TSLA  	2023	03	03	45	000	C P 	0	1445	75000000
TSLA  	2023	03	03	50	000	C P 	1	17	75000000
TSLA  	2023	03	03	55	000	C P 	0	37	75000000
TSLA  	2023	03	03	60	000	C P 	4	989	75000000
TSLA  	2023	03	03	65	000	C P 	0	27	75000000
TSLA  	2023	03	03	70	000	C P 	1	336	75000000
TSLA  	2023	03	03	75	000	C P 	0	116	75000000
TSLA  	2023	03	03	80	000	C P 	107	164	75000000
TSLA  	2023	03	03	85	000	C P 	3	214	75000000
TSLA  	2023	03	03	90	000	C P 	5	235	75000000
TSLA  	2023	03	03	95	000	C P 	1	1681	75000000
TSLA  	2023	03	03	100	000	C P 	38	830	75000000
TSLA  	2023	03	03	105	000	C P 	14	177	75000000
TSLA  	2023	03	03	108	000	C P 	59	296	75000000
TSLA  	2023	03	03	109	000	C P 	0	241	75000000
TSLA  	2023	03	03	110	000	C P 	53	2296	75000000
TSLA  	2023	03	03	111	000	C P 	2	552	75000000
TSLA  	2023	03	03	112	000	C P 	15	546	75000000
TSLA  	2023	03	03	113	000	C P 	26	471	75000000
TSLA  	2023	03	03	114	000	C P 	157	370	75000000
TSLA  	2023	03	03	115	000	C P 	171	419	75000000
TSLA  	2023	03	03	116	000	C P 	153	221	75000000
TSLA  	2023	03	03	117	000	C P 	462	237	75000000
TSLA  	2023	03	03	118	000	C P 	303	194	75000000
TSLA  	2023	03	03	119	000	C P 	305	380	75000000
TSLA  	2023	03	03	120	000	C P 	792	568	75000000
TSLA  	2023	03	03	121	000	C P 	137	456	75000000
TSLA  	2023	03	03	122	000	C P 	116	705	75000000
TSLA  	2023	03	03	123	000	C P 	344	615	75000000
TSLA  	2023	03	03	124	000	C P 	255	393	75000000
TSLA  	2023	03	03	125	000	C P 	279	470	75000000
TSLA  	2023	03	03	126	000	C P 	667	309	75000000
TSLA  	2023	03	03	127	000	C P 	424	254	75000000
TSLA  	2023	03	03	128	000	C P 	429	874	75000000
TSLA  	2023	03	03	129	000	C P 	646	529	75000000
TSLA  	2023	03	03	130	000	C P 	667	730	75000000
TSLA  	2023	03	03	131	000	C P 	299	771	75000000
TSLA  	2023	03	03	132	000	C P 	825	172	75000000
TSLA  	2023	03	03	133	000	C P 	544	63	75000000
TSLA  	2023	03	03	134	000	C P 	568	153	75000000
TSLA  	2023	03	03	135	000	C P 	897	202	75000000
TSLA  	2023	03	03	136	000	C P 	68	20	75000000
TSLA  	2023	03	03	137	000	C P 	41	25	75000000
TSLA  	2023	03	03	138	000	C P 	131	45	75000000
TSLA  	2023	03	03	139	000	C P 	51	7	75000000
TSLA  	2023	03	03	140	000	C P 	639	93	75000000
TSLA  	2023	03	03	141	000	C P 	63	17	75000000
TSLA  	2023	03	03	142	000	C P 	57	39	75000000
TSLA  	2023	03	03	145	000	C P 	729	330	75000000
TSLA  	2023	03	03	150	000	C P 	964	116	75000000
TSLA  	2023	03	03	155	000	C P 	1016	21	75000000
TSLA  	2023	03	03	160	000	C P 	369	2435	75000000
TSLA  	2023	03	03	165	000	C P 	605	2	75000000
TSLA  	2023	03	03	170	000	C P 	933	24	75000000
TSLA  	2023	03	03	175	000	C P 	318	28	75000000
TSLA  	2023	03	03	180	000	C P 	495	34	75000000
TSLA  	2023	03	03	185	000	C P 	422	2	75000000
TSLA  	2023	03	03	190	000	C P 	359	1	75000000
TSLA  	2023	03	03	195	000	C P 	45	2	75000000
TSLA  	2023	03	03	200	000	C P 	765	41	75000000
TSLA  	2023	03	03	205	000	C P 	44	2	75000000
TSLA  	2023	03	03	210	000	C P 	52	0	75000000
TSLA  	2023	03	03	215	000	C P 	32	0	75000000
TSLA  	2023	03	03	220	000	C P 	75	1	75000000
TSLA  	2023	03	03	225	000	C P 	90	0	75000000
TSLA  	2023	03	03	230	000	C P 	42	1	75000000
TSLA  	2023	03	03	235	000	C P 	513	0	75000000
TSLA  	2023	03	03	240	000	C P 	230	0	75000000
TSLA  	2023	03	03	245	000	C P 	1667	0	75000000
TSLA  	2023	03	17	1	670	C P 	102	24717	75000000
TSLA  	2023	03	17	3	330	C P 	29	6939	75000000
TSLA  	2023	03	17	5	000	C P 	1	8005	75000000
TSLA  	2023	03	17	6	670	C P 	52	4669	75000000
TSLA  	2023	03	17	8	330	C P 	18	1379	75000000
TSLA  	2023	03	17	10	000	C P 	842	4105	75000000
TSLA  	2023	03	17	11	670	C P 	1711	5414	75000000
TSLA  	2023	03	17	13	330	C P 	1657	2125	75000000
TSLA  	2023	03	17	15	000	C P 	987	5169	75000000
TSLA  	2023	03	17	16	670	C P 	881	15313	75000000
TSLA  	2023	03	17	18	330	C P 	476	11989	75000000
TSLA  	2023	03	17	33	330	C P 	394	29659	75000000
TSLA  	2023	03	17	50	000	C P 	428	19064	75000000
TSLA  	2023	03	17	55	000	C P 	4	4217	75000000
TSLA  	2023	03	17	60	000	C P 	124	3845	75000000
TSLA  	2023	03	17	65	000	C P 	9	1210	75000000
TSLA  	2023	03	17	66	670	C P 	895	18867	75000000
TSLA  	2023	03	17	70	000	C P 	41	4346	75000000
TSLA  	2023	03	17	75	000	C P 	71	4642	75000000
TSLA  	2023	03	17	80	000	C P 	232	15292	75000000
TSLA  	2023	03	17	83	330	C P 	932	5587	75000000
TSLA  	2023	03	17	85	000	C P 	114	4514	75000000
TSLA  	2023	03	17	90	000	C P 	403	18246	75000000
TSLA  	2023	03	17	95	000	C P 	311	2540	75000000
TSLA  	2023	03	17	100	000	C P 	2258	28251	75000000
TSLA  	2023	03	17	105	000	C P 	1497	4246	75000000
TSLA  	2023	03	17	110	000	C P 	3300	11255	75000000
TSLA  	2023	03	17	115	000	C P 	3453	8730	75000000
TSLA  	2023	03	17	116	670	C P 	1619	7263	75000000
TSLA  	2023	03	17	120	000	C P 	7364	7404	75000000
TSLA  	2023	03	17	123	330	C P 	2838	6588	75000000
TSLA  	2023	03	17	125	000	C P 	3926	7511	75000000
TSLA  	2023	03	17	126	670	C P 	1730	4487	75000000
TSLA  	2023	03	17	130	000	C P 	11618	8846	75000000
TSLA  	2023	03	17	133	330	C P 	3562	9832	75000000
TSLA  	2023	03	17	135	000	C P 	28625	26105	75000000
TSLA  	2023	03	17	136	670	C P 	2885	3140	75000000
TSLA  	2023	03	17	140	000	C P 	8126	8423	75000000
TSLA  	2023	03	17	143	330	C P 	2544	3897	75000000
TSLA  	2023	03	17	145	000	C P 	1889	1651	75000000
TSLA  	2023	03	17	146	670	C P 	1964	3318	75000000
TSLA  	2023	03	17	150	000	C P 	14166	12474	75000000
TSLA  	2023	03	17	153	330	C P 	1722	1645	75000000
TSLA  	2023	03	17	155	000	C P 	4697	348	75000000
TSLA  	2023	03	17	156	670	C P 	1587	2291	75000000
TSLA  	2023	03	17	160	000	C P 	8653	16301	75000000
TSLA  	2023	03	17	163	330	C P 	3052	3253	75000000
TSLA  	2023	03	17	165	000	C P 	5530	229	75000000
TSLA  	2023	03	17	166	670	C P 	5504	10512	75000000
TSLA  	2023	03	17	170	000	C P 	10205	12287	75000000
TSLA  	2023	03	17	173	330	C P 	5855	14312	75000000
TSLA  	2023	03	17	175	000	C P 	1749	389	75000000
TSLA  	2023	03	17	176	670	C P 	1611	1905	75000000
TSLA  	2023	03	17	180	000	C P 	17443	7379	75000000
TSLA  	2023	03	17	183	330	C P 	3033	6572	75000000
TSLA  	2023	03	17	185	000	C P 	945	185	75000000
TSLA  	2023	03	17	186	670	C P 	1714	3662	75000000
TSLA  	2023	03	17	190	000	C P 	4511	3900	75000000
TSLA  	2023	03	17	193	330	C P 	1177	2107	75000000
TSLA  	2023	03	17	195	000	C P 	2794	182	75000000
TSLA  	2023	03	17	196	670	C P 	1228	737	75000000
TSLA  	2023	03	17	198	330	C P 	1151	1448	75000000
TSLA  	2023	03	17	200	000	C P 	20252	25579	75000000
TSLA  	2023	03	17	201	670	C P 	979	787	75000000
TSLA  	2023	03	17	203	330	C P 	948	690	75000000
TSLA  	2023	03	17	205	000	C P 	2523	147	75000000
TSLA  	2023	03	17	206	670	C P 	672	1719	75000000
TSLA  	2023	03	17	208	330	C P 	2257	559	75000000
TSLA  	2023	03	17	210	000	C P 	5226	889	75000000
TSLA  	2023	03	17	211	670	C P 	670	448	75000000
TSLA  	2023	03	17	213	330	C P 	622	343	75000000
TSLA  	2023	03	17	215	000	C P 	2371	454	75000000
TSLA  	2023	03	17	216	670	C P 	5206	2745	75000000
TSLA  	2023	03	17	218	330	C P 	646	0	75000000
TSLA  	2023	03	17	220	000	C P 	4498	673	75000000
TSLA  	2023	03	17	221	670	C P 	679	54	75000000
TSLA  	2023	03	17	223	330	C P 	787	105	75000000
TSLA  	2023	03	17	225	000	C P 	5832	645	75000000
TSLA  	2023	03	17	226	670	C P 	1851	126	75000000
TSLA  	2023	03	17	228	330	C P 	5230	6	75000000
TSLA  	2023	03	17	230	000	C P 	4762	615	75000000
TSLA  	2023	03	17	231	670	C P 	821	40	75000000
TSLA  	2023	03	17	233	330	C P 	6756	368	75000000
TSLA  	2023	03	17	235	000	C P 	2918	8	75000000
TSLA  	2023	03	17	236	670	C P 	948	6	75000000
TSLA  	2023	03	17	238	330	C P 	497	8	75000000
TSLA  	2023	03	17	240	000	C P 	2933	38	75000000
TSLA  	2023	03	17	241	670	C P 	582	6	75000000
TSLA  	2023	03	17	243	330	C P 	960	78	75000000
TSLA  	2023	03	17	245	000	C P 	1309	16	75000000
TSLA  	2023	03	17	246	670	C P 	758	21	75000000
TSLA  	2023	03	17	248	330	C P 	512	21	75000000
TSLA  	2023	03	17	250	000	C P 	14259	463	75000000
TSLA  	2023	03	17	251	670	C P 	871	35	75000000
TSLA  	2023	03	17	253	330	C P 	556	8	75000000
TSLA  	2023	03	17	255	000	C P 	812	10	75000000
TSLA  	2023	03	17	256	670	C P 	588	11	75000000
TSLA  	2023	03	17	258	330	C P 	570	8	75000000
TSLA  	2023	03	17	260	000	C P 	3691	37	75000000
TSLA  	2023	03	17	261	670	C P 	1087	12	75000000
TSLA  	2023	03	17	263	330	C P 	466	46	75000000
TSLA  	2023	03	17	265	000	C P 	871	11	75000000
TSLA  	2023	03	17	266	670	C P 	9884	256	75000000
TSLA  	2023	03	17	270	000	C P 	3305	36	75000000
TSLA  	2023	03	17	273	330	C P 	8598	61	75000000
TSLA  	2023	03	17	276	670	C P 	1189	21	75000000
TSLA  	2023	03	17	280	000	C P 	2144	127	75000000
TSLA  	2023	03	17	283	330	C P 	7685	43	75000000
TSLA  	2023	03	17	286	670	C P 	1444	13	75000000
TSLA  	2023	03	17	290	000	C P 	2794	96	75000000
TSLA  	2023	03	17	293	330	C P 	7092	327	75000000
TSLA  	2023	03	17	295	000	C P 	1791	7	75000000
TSLA  	2023	03	17	296	670	C P 	695	12	75000000
TSLA  	2023	03	17	298	330	C P 	929	3	75000000
TSLA  	2023	03	17	300	000	C P 	67203	76	75000000
TSLA  	2023	03	17	301	670	C P 	1123	19	75000000
TSLA  	2023	03	17	303	330	C P 	1203	8	75000000
TSLA  	2023	03	17	305	000	C P 	2711	11	75000000
TSLA  	2023	03	17	306	670	C P 	1914	5	75000000
TSLA  	2023	03	17	308	330	C P 	4842	5	75000000
TSLA  	2023	03	17	310	000	C P 	4154	16	75000000
TSLA  	2023	03	17	311	670	C P 	2003	7	75000000
TSLA  	2023	03	17	313	330	C P 	3896	2	75000000
TSLA  	2023	03	17	316	670	C P 	30520	16	75000000
TSLA  	2023	03	17	320	000	C P 	14779	2	75000000
TSLA  	2023	03	17	323	330	C P 	284	3	75000000
TSLA  	2023	03	17	326	670	C P 	714	0	75000000
TSLA  	2023	03	17	330	000	C P 	2581	1	75000000
TSLA  	2023	03	17	333	330	C P 	23026	32	75000000
TSLA  	2023	03	17	336	670	C P 	514	0	75000000
TSLA  	2023	03	17	340	000	C P 	4917	0	75000000
TSLA  	2023	03	17	343	330	C P 	1883	0	75000000
TSLA  	2023	03	17	346	670	C P 	837	0	75000000
TSLA  	2023	03	17	350	000	C P 	9831	5	75000000
TSLA  	2023	03	17	353	330	C P 	389	0	75000000
TSLA  	2023	03	17	356	670	C P 	484	0	75000000
TSLA  	2023	03	17	360	000	C P 	1778	0	75000000
TSLA  	2023	03	17	363	330	C P 	493	0	75000000
TSLA  	2023	03	17	366	670	C P 	7861	0	75000000
TSLA  	2023	03	17	370	000	C P 	1092	0	75000000
TSLA  	2023	03	17	373	330	C P 	650	0	75000000
TSLA  	2023	03	17	383	330	C P 	12363	0	75000000
TSLA  	2023	03	17	400	000	C P 	25661	0	75000000
TSLA  	2023	03	17	416	670	C P 	13241	0	75000000
TSLA  	2023	03	17	433	330	C P 	19419	0	75000000
TSLA  	2023	03	17	441	670	C P 	1908	0	75000000
TSLA  	2023	03	17	450	000	C P 	4953	0	75000000
TSLA  	2023	03	17	458	330	C P 	2353	0	75000000
TSLA  	2023	03	17	466	670	C P 	3338	4	75000000
TSLA  	2023	03	17	475	000	C P 	3500	0	75000000
TSLA  	2023	03	17	483	330	C P 	1857	0	75000000
TSLA  	2023	03	17	491	670	C P 	2500	0	75000000
TSLA  	2023	03	17	500	000	C P 	12269	6	75000000
TSLA  	2023	03	17	508	330	C P 	1554	0	75000000
TSLA  	2023	03	17	516	670	C P 	824	0	75000000
TSLA  	2023	03	17	525	000	C P 	4271	0	75000000
TSLA  	2023	03	17	533	330	C P 	4691	0	75000000
TSLA  	2023	03	17	541	670	C P 	896	0	75000000
TSLA  	2023	03	17	550	000	C P 	4149	0	75000000
TSLA  	2023	03	17	558	330	C P 	3730	0	75000000
TSLA  	2023	03	17	566	670	C P 	7941	0	75000000
TSLA  	2023	03	17	575	000	C P 	12130	0	75000000
TSLA  	2023	03	17	583	330	C P 	2616	0	75000000
TSLA  	2023	03	17	591	670	C P 	1481	0	75000000
TSLA  	2023	03	17	600	000	C P 	5474	0	75000000
TSLA  	2023	03	17	608	330	C P 	526	0	75000000
TSLA  	2023	03	17	616	670	C P 	4200	0	75000000
TSLA  	2023	03	17	625	000	C P 	890	0	75000000
TSLA  	2023	03	17	633	330	C P 	2382	0	75000000
TSLA  	2023	03	17	641	670	C P 	1185	0	75000000
TSLA  	2023	03	17	650	000	C P 	8059	0	75000000
TSLA  	2023	03	17	666	670	C P 	70061	0	75000000
TSLA  	2023	03	17	675	000	C P 	21584	0	75000000
TSLA  	2023	03	17	683	330	C P 	3607	0	75000000
TSLA  	2023	03	17	691	670	C P 	774	0	75000000
TSLA  	2023	03	17	700	000	C P 	3423	0	75000000
TSLA  	2023	03	17	708	330	C P 	420	0	75000000
TSLA  	2023	03	17	716	670	C P 	626	0	75000000
TSLA  	2023	03	17	725	000	C P 	779	0	75000000
TSLA  	2023	03	17	733	330	C P 	1675	0	75000000
TSLA  	2023	03	17	741	670	C P 	748	0	75000000
TSLA  	2023	03	17	750	000	C P 	697	0	75000000
TSLA  	2023	03	17	758	330	C P 	1234	0	75000000
TSLA  	2023	03	17	766	670	C P 	1223	0	75000000
TSLA  	2023	03	17	775	000	C P 	831	0	75000000
TSLA  	2023	03	17	783	330	C P 	1231	0	75000000
TSLA  	2023	03	17	791	670	C P 	1357	0	75000000
TSLA  	2023	03	17	800	000	C P 	5212	0	75000000
TSLA  	2023	03	17	808	330	C P 	1833	0	75000000
TSLA  	2023	03	17	816	670	C P 	2268	0	75000000
TSLA  	2023	03	17	825	000	C P 	57317	0	75000000
TSLA  	2023	04	21	5	000	C P 	2	0	75000000
TSLA  	2023	04	21	10	000	C P 	0	1	75000000
TSLA  	2023	04	21	15	000	C P 	0	0	75000000
TSLA  	2023	04	21	20	000	C P 	1	9	75000000
TSLA  	2023	04	21	25	000	C P 	2	1455	75000000
TSLA  	2023	04	21	30	000	C P 	1	98	75000000
TSLA  	2023	04	21	35	000	C P 	0	298	75000000
TSLA  	2023	04	21	40	000	C P 	0	111	75000000
TSLA  	2023	04	21	45	000	C P 	0	95	75000000
TSLA  	2023	04	21	50	000	C P 	69	4251	75000000
TSLA  	2023	04	21	55	000	C P 	14	2570	75000000
TSLA  	2023	04	21	60	000	C P 	19	1779	75000000
TSLA  	2023	04	21	65	000	C P 	46	1673	75000000
TSLA  	2023	04	21	70	000	C P 	113	4385	75000000
TSLA  	2023	04	21	75	000	C P 	126	13246	75000000
TSLA  	2023	04	21	80	000	C P 	25231	4199	75000000
TSLA  	2023	04	21	85	000	C P 	93	2850	75000000
TSLA  	2023	04	21	90	000	C P 	320	1905	75000000
TSLA  	2023	04	21	95	000	C P 	107	7607	75000000
TSLA  	2023	04	21	100	000	C P 	2008	21374	75000000
TSLA  	2023	04	21	105	000	C P 	368	2293	75000000
TSLA  	2023	04	21	108	330	C P 	988	4821	75000000
TSLA  	2023	04	21	110	000	C P 	1146	4076	75000000
TSLA  	2023	04	21	115	000	C P 	1516	4131	75000000
TSLA  	2023	04	21	116	670	C P 	2768	10334	75000000
TSLA  	2023	04	21	120	000	C P 	7526	6743	75000000
TSLA  	2023	04	21	125	000	C P 	11511	8914	75000000
TSLA  	2023	04	21	130	000	C P 	1702	4789	75000000
TSLA  	2023	04	21	133	330	C P 	4660	4179	75000000
TSLA  	2023	04	21	135	000	C P 	2086	1181	75000000
TSLA  	2023	04	21	140	000	C P 	4363	1034	75000000
TSLA  	2023	04	21	141	670	C P 	6377	3694	75000000
TSLA  	2023	04	21	145	000	C P 	2326	766	75000000
TSLA  	2023	04	21	150	000	C P 	7218	11483	75000000
TSLA  	2023	04	21	155	000	C P 	1302	163	75000000
TSLA  	2023	04	21	158	330	C P 	2824	3923	75000000
TSLA  	2023	04	21	160	000	C P 	4393	259	75000000
TSLA  	2023	04	21	165	000	C P 	1344	39	75000000
TSLA  	2023	04	21	166	670	C P 	3211	5103	75000000
TSLA  	2023	04	21	170	000	C P 	1398	159	75000000
TSLA  	2023	04	21	175	000	C P 	9624	6205	75000000
TSLA  	2023	04	21	180	000	C P 	1743	68	75000000
TSLA  	2023	04	21	183	330	C P 	2553	3032	75000000
TSLA  	2023	04	21	185	000	C P 	328	46	75000000
TSLA  	2023	04	21	190	000	C P 	165	25	75000000
TSLA  	2023	04	21	191	670	C P 	3075	4161	75000000
TSLA  	2023	04	21	200	000	C P 	9908	5619	75000000
TSLA  	2023	04	21	208	330	C P 	5110	2201	75000000
TSLA  	2023	04	21	216	670	C P 	966	2113	75000000
TSLA  	2023	04	21	225	000	C P 	4881	2119	75000000
TSLA  	2023	04	21	233	330	C P 	1549	495	75000000
TSLA  	2023	04	21	240	000	C P 	2411	119	75000000
TSLA  	2023	04	21	241	670	C P 	779	13	75000000
TSLA  	2023	04	21	243	330	C P 	769	11	75000000
TSLA  	2023	04	21	245	000	C P 	1269	61	75000000
TSLA  	2023	04	21	246	670	C P 	485	29	75000000
TSLA  	2023	04	21	248	330	C P 	648	232	75000000
TSLA  	2023	04	21	250	000	C P 	6730	220	75000000
TSLA  	2023	04	21	251	670	C P 	1256	25	75000000
TSLA  	2023	04	21	253	330	C P 	467	12	75000000
TSLA  	2023	04	21	255	000	C P 	987	17	75000000
TSLA  	2023	04	21	258	330	C P 	684	21	75000000
TSLA  	2023	04	21	266	670	C P 	1814	83	75000000
TSLA  	2023	04	21	275	000	C P 	1906	35	75000000
TSLA  	2023	04	21	283	330	C P 	1276	27	75000000
TSLA  	2023	04	21	291	670	C P 	3154	0	75000000
TSLA  	2023	04	21	300	000	C P 	7146	14	75000000
TSLA  	2023	04	21	308	330	C P 	4512	24	75000000
TSLA  	2023	04	21	316	670	C P 	20904	0	75000000
TSLA  	2023	04	21	325	000	C P 	2254	0	75000000
TSLA  	2023	04	21	333	330	C P 	4339	0	75000000
TSLA  	2023	04	21	341	670	C P 	605	0	75000000
TSLA  	2023	04	21	350	000	C P 	3094	0	75000000
TSLA  	2023	04	21	358	330	C P 	978	0	75000000
TSLA  	2023	04	21	366	670	C P 	1018	0	75000000
TSLA  	2023	04	21	375	000	C P 	1140	8	75000000
TSLA  	2023	04	21	383	330	C P 	721	0	75000000
TSLA  	2023	04	21	391	670	C P 	438	0	75000000
TSLA  	2023	04	21	400	000	C P 	2417	0	75000000
TSLA  	2023	04	21	408	330	C P 	270	0	75000000
TSLA  	2023	04	21	416	670	C P 	1146	0	75000000
TSLA  	2023	04	21	425	000	C P 	4758	0	75000000
TSLA  	2023	04	21	433	330	C P 	2895	0	75000000
TSLA  	2023	04	21	441	670	C P 	676	0	75000000
TSLA  	2023	04	21	450	000	C P 	2199	0	75000000
TSLA  	2023	04	21	458	330	C P 	3897	0	75000000
TSLA  	2023	04	21	466	670	C P 	449	0	75000000
TSLA  	2023	04	21	475	000	C P 	1662	0	75000000
TSLA  	2023	04	21	483	330	C P 	977	0	75000000
TSLA  	2023	04	21	491	670	C P 	250	0	75000000
TSLA  	2023	04	21	500	000	C P 	2000	0	75000000
TSLA  	2023	04	21	508	330	C P 	811	0	75000000
TSLA  	2023	04	21	516	670	C P 	559	0	75000000
TSLA  	2023	04	21	525	000	C P 	252	0	75000000
TSLA  	2023	04	21	533	330	C P 	343	0	75000000
TSLA  	2023	04	21	541	670	C P 	288	0	75000000
TSLA  	2023	04	21	550	000	C P 	10694	0	75000000
TSLA  	2023	04	21	558	330	C P 	88	0	75000000
TSLA  	2023	04	21	566	670	C P 	447	0	75000000
TSLA  	2023	04	21	575	000	C P 	1150	0	75000000
TSLA  	2023	04	21	583	330	C P 	854	0	75000000
TSLA  	2023	04	21	600	000	C P 	13072	0	75000000
TSLA  	2023	05	19	50	000	C P 	59	1935	75000000
TSLA  	2023	05	19	55	000	C P 	51	487	75000000
TSLA  	2023	05	19	60	000	C P 	156	491	75000000
TSLA  	2023	05	19	65	000	C P 	65	362	75000000
TSLA  	2023	05	19	70	000	C P 	178	517	75000000
TSLA  	2023	05	19	75	000	C P 	132	854	75000000
TSLA  	2023	05	19	80	000	C P 	84	1749	75000000
TSLA  	2023	05	19	85	000	C P 	70	1538	75000000
TSLA  	2023	05	19	90	000	C P 	219	2540	75000000
TSLA  	2023	05	19	95	000	C P 	141	1400	75000000
TSLA  	2023	05	19	100	000	C P 	1034	3846	75000000
TSLA  	2023	05	19	105	000	C P 	286	6186	75000000
TSLA  	2023	05	19	110	000	C P 	15965	2257	75000000
TSLA  	2023	05	19	115	000	C P 	1356	2005	75000000
TSLA  	2023	05	19	120	000	C P 	2210	2222	75000000
TSLA  	2023	05	19	125	000	C P 	3666	2955	75000000
TSLA  	2023	05	19	130	000	C P 	2703	2476	75000000
TSLA  	2023	05	19	135	000	C P 	2070	1614	75000000
TSLA  	2023	05	19	140	000	C P 	1947	3169	75000000
TSLA  	2023	05	19	145	000	C P 	2548	1282	75000000
TSLA  	2023	05	19	150	000	C P 	3621	1588	75000000
TSLA  	2023	05	19	155	000	C P 	1152	296	75000000
TSLA  	2023	05	19	160	000	C P 	2195	1788	75000000
TSLA  	2023	05	19	165	000	C P 	686	262	75000000
TSLA  	2023	05	19	170	000	C P 	1816	1538	75000000
TSLA  	2023	05	19	175	000	C P 	974	360	75000000
TSLA  	2023	05	19	180	000	C P 	2545	822	75000000
TSLA  	2023	05	19	185	000	C P 	804	216	75000000
TSLA  	2023	05	19	190	000	C P 	508	454	75000000
TSLA  	2023	05	19	195	000	C P 	1472	455	75000000
TSLA  	2023	05	19	200	000	C P 	2985	738	75000000
TSLA  	2023	06	16	1	670	C P 	112	41907	75000000
TSLA  	2023	06	16	3	330	C P 	402	5010	75000000
TSLA  	2023	06	16	5	000	C P 	108	1664	75000000
TSLA  	2023	06	16	6	670	C P 	75	1304	75000000
TSLA  	2023	06	16	8	330	C P 	425	2367	75000000
TSLA  	2023	06	16	10	000	C P 	3237	3701	75000000
TSLA  	2023	06	16	11	670	C P 	155	8303	75000000
TSLA  	2023	06	16	13	330	C P 	1234	5395	75000000
TSLA  	2023	06	16	15	000	C P 	167	2364	75000000
TSLA  	2023	06	16	16	670	C P 	489	9409	75000000
TSLA  	2023	06	16	18	330	C P 	91	4686	75000000
TSLA  	2023	06	16	33	330	C P 	865	12799	75000000
TSLA  	2023	06	16	50	000	C P 	1214	16308	75000000
TSLA  	2023	06	16	55	000	C P 	31	7773	75000000
TSLA  	2023	06	16	60	000	C P 	15	842	75000000
TSLA  	2023	06	16	65	000	C P 	4	864	75000000
TSLA  	2023	06	16	66	670	C P 	1040	15089	75000000
TSLA  	2023	06	16	70	000	C P 	49	4165	75000000
TSLA  	2023	06	16	75	000	C P 	80	5094	75000000
TSLA  	2023	06	16	80	000	C P 	175	3305	75000000
TSLA  	2023	06	16	83	330	C P 	727	6042	75000000
TSLA  	2023	06	16	85	000	C P 	110	3416	75000000
TSLA  	2023	06	16	90	000	C P 	242	3054	75000000
TSLA  	2023	06	16	95	000	C P 	164	1610	75000000
TSLA  	2023	06	16	100	000	C P 	2743	25212	75000000
TSLA  	2023	06	16	105	000	C P 	322	5284	75000000
TSLA  	2023	06	16	110	000	C P 	1240	5229	75000000
TSLA  	2023	06	16	115	000	C P 	593	2603	75000000
TSLA  	2023	06	16	116	670	C P 	1805	5054	75000000
TSLA  	2023	06	16	120	000	C P 	3686	3225	75000000
TSLA  	2023	06	16	123	330	C P 	411	1170	75000000
TSLA  	2023	06	16	125	000	C P 	4140	7277	75000000
TSLA  	2023	06	16	126	670	C P 	907	1338	75000000
TSLA  	2023	06	16	130	000	C P 	3987	8836	75000000
TSLA  	2023	06	16	133	330	C P 	2669	10361	75000000
TSLA  	2023	06	16	135	000	C P 	2913	2292	75000000
TSLA  	2023	06	16	136	670	C P 	1052	1462	75000000
TSLA  	2023	06	16	140	000	C P 	8081	5378	75000000
TSLA  	2023	06	16	143	330	C P 	1265	3346	75000000
TSLA  	2023	06	16	145	000	C P 	3216	1793	75000000
TSLA  	2023	06	16	146	670	C P 	743	1133	75000000
TSLA  	2023	06	16	150	000	C P 	12703	7564	75000000
TSLA  	2023	06	16	153	330	C P 	2471	1531	75000000
TSLA  	2023	06	16	155	000	C P 	1155	2201	75000000
TSLA  	2023	06	16	156	670	C P 	1118	618	75000000
TSLA  	2023	06	16	160	000	C P 	7691	3959	75000000
TSLA  	2023	06	16	163	330	C P 	880	979	75000000
TSLA  	2023	06	16	165	000	C P 	1848	753	75000000
TSLA  	2023	06	16	166	670	C P 	3626	13345	75000000
TSLA  	2023	06	16	170	000	C P 	2765	1056	75000000
TSLA  	2023	06	16	173	330	C P 	1250	6681	75000000
TSLA  	2023	06	16	175	000	C P 	2144	3360	75000000
TSLA  	2023	06	16	180	000	C P 	6743	4824	75000000
TSLA  	2023	06	16	183	330	C P 	10036	9542	75000000
TSLA  	2023	06	16	185	000	C P 	4136	5179	75000000
TSLA  	2023	06	16	186	670	C P 	802	1373	75000000
TSLA  	2023	06	16	190	000	C P 	3317	3953	75000000
TSLA  	2023	06	16	193	330	C P 	1657	8158	75000000
TSLA  	2023	06	16	195	000	C P 	1676	1044	75000000
TSLA  	2023	06	16	200	000	C P 	22544	22717	75000000
TSLA  	2023	06	16	205	000	C P 	2182	821	75000000
TSLA  	2023	06	16	206	670	C P 	1656	3378	75000000
TSLA  	2023	06	16	210	000	C P 	2848	640	75000000
TSLA  	2023	06	16	213	330	C P 	1106	2136	75000000
TSLA  	2023	06	16	215	000	C P 	2156	694	75000000
TSLA  	2023	06	16	216	670	C P 	7519	6224	75000000
TSLA  	2023	06	16	220	000	C P 	7125	7687	75000000
TSLA  	2023	06	16	225	000	C P 	999	1176	75000000
TSLA  	2023	06	16	226	670	C P 	1061	1934	75000000
TSLA  	2023	06	16	230	000	C P 	3204	2862	75000000
TSLA  	2023	06	16	233	330	C P 	10340	7255	75000000
TSLA  	2023	06	16	235	000	C P 	1196	667	75000000
TSLA  	2023	06	16	240	000	C P 	3056	3142	75000000
TSLA  	2023	06	16	243	330	C P 	1290	1708	75000000
TSLA  	2023	06	16	245	000	C P 	1146	31	75000000
TSLA  	2023	06	16	246	670	C P 	3169	85	75000000
TSLA  	2023	06	16	250	000	C P 	16609	2968	75000000
TSLA  	2023	06	16	253	330	C P 	1001	197	75000000
TSLA  	2023	06	16	255	000	C P 	1014	49	75000000
TSLA  	2023	06	16	260	000	C P 	4898	56	75000000
TSLA  	2023	06	16	265	000	C P 	1687	1	75000000
TSLA  	2023	06	16	266	670	C P 	6558	403	75000000
TSLA  	2023	06	16	270	000	C P 	630	0	75000000
TSLA  	2023	06	16	273	330	C P 	727	1050	75000000
TSLA  	2023	06	16	275	000	C P 	1174	3	75000000
TSLA  	2023	06	16	280	000	C P 	3544	57	75000000
TSLA  	2023	06	16	283	330	C P 	4610	49	75000000
TSLA  	2023	06	16	285	000	C P 	661	0	75000000
TSLA  	2023	06	16	286	670	C P 	750	30	75000000
TSLA  	2023	06	16	290	000	C P 	405	0	75000000
TSLA  	2023	06	16	293	330	C P 	1796	57	75000000
TSLA  	2023	06	16	295	000	C P 	253	4	75000000
TSLA  	2023	06	16	300	000	C P 	15374	249	75000000
TSLA  	2023	06	16	305	000	C P 	502	0	75000000
TSLA  	2023	06	16	306	670	C P 	1166	18	75000000
TSLA  	2023	06	16	310	000	C P 	486	0	75000000
TSLA  	2023	06	16	313	330	C P 	501	15	75000000
TSLA  	2023	06	16	315	000	C P 	296	0	75000000
TSLA  	2023	06	16	316	670	C P 	6594	240	75000000
TSLA  	2023	06	16	320	000	C P 	2342	2	75000000
TSLA  	2023	06	16	326	670	C P 	9499	6	75000000
TSLA  	2023	06	16	330	000	C P 	1056	0	75000000
TSLA  	2023	06	16	333	330	C P 	34252	219	75000000
TSLA  	2023	06	16	340	000	C P 	1422	3	75000000
TSLA  	2023	06	16	346	670	C P 	1072	0	75000000
TSLA  	2023	06	16	350	000	C P 	8524	330	75000000
TSLA  	2023	06	16	353	330	C P 	737	0	75000000
TSLA  	2023	06	16	360	000	C P 	2341	0	75000000
TSLA  	2023	06	16	366	670	C P 	11520	450	75000000
TSLA  	2023	06	16	370	000	C P 	534	0	75000000
TSLA  	2023	06	16	383	330	C P 	13777	0	75000000
TSLA  	2023	06	16	400	000	C P 	19996	900	75000000
TSLA  	2023	06	16	416	670	C P 	3638	0	75000000
TSLA  	2023	06	16	433	330	C P 	9903	0	75000000
TSLA  	2023	06	16	450	000	C P 	7138	0	75000000
TSLA  	2023	06	16	466	670	C P 	20513	0	75000000
TSLA  	2023	06	16	483	330	C P 	8264	0	75000000
TSLA  	2023	06	16	500	000	C P 	25706	0	75000000
TSLA  	2023	06	16	516	670	C P 	2506	0	75000000
TSLA  	2023	06	16	533	330	C P 	5073	0	75000000
TSLA  	2023	06	16	550	000	C P 	7319	0	75000000
TSLA  	2023	06	16	558	330	C P 	1684	0	75000000
TSLA  	2023	06	16	566	670	C P 	1366	0	75000000
TSLA  	2023	06	16	575	000	C P 	697	0	75000000
TSLA  	2023	06	16	583	330	C P 	612	0	75000000
TSLA  	2023	06	16	591	670	C P 	394	0	75000000
TSLA  	2023	06	16	600	000	C P 	6325	0	75000000
TSLA  	2023	06	16	608	330	C P 	1066	0	75000000
TSLA  	2023	06	16	616	670	C P 	622	0	75000000
TSLA  	2023	06	16	625	000	C P 	2179	0	75000000
TSLA  	2023	06	16	633	330	C P 	5490	0	75000000
TSLA  	2023	06	16	641	670	C P 	487	0	75000000
TSLA  	2023	06	16	650	000	C P 	478	0	75000000
TSLA  	2023	06	16	666	670	C P 	18278	0	75000000
TSLA  	2023	06	16	675	000	C P 	776	0	75000000
TSLA  	2023	06	16	683	330	C P 	470	0	75000000
TSLA  	2023	06	16	691	670	C P 	819	0	75000000
TSLA  	2023	06	16	700	000	C P 	1858	0	75000000
TSLA  	2023	06	16	708	330	C P 	535	0	75000000
TSLA  	2023	06	16	716	670	C P 	773	0	75000000
TSLA  	2023	06	16	725	000	C P 	1059	0	75000000
TSLA  	2023	06	16	733	330	C P 	2343	0	75000000
TSLA  	2023	06	16	741	670	C P 	553	0	75000000
TSLA  	2023	06	16	750	000	C P 	11857	0	75000000
TSLA  	2023	06	16	758	330	C P 	1303	0	75000000
TSLA  	2023	06	16	766	670	C P 	1274	0	75000000
TSLA  	2023	06	16	775	000	C P 	1220	0	75000000
TSLA  	2023	06	16	783	330	C P 	2195	0	75000000
TSLA  	2023	06	16	791	670	C P 	1648	0	75000000
TSLA  	2023	06	16	800	000	C P 	8646	1	75000000
TSLA  	2023	06	16	808	330	C P 	1278	0	75000000
TSLA  	2023	06	16	816	670	C P 	2133	0	75000000
TSLA  	2023	06	16	825	000	C P 	34776	0	75000000
TSLA  	2023	07	21	5	000	C P 	32	457	75000000
TSLA  	2023	07	21	10	000	C P 	5	891	75000000
TSLA  	2023	07	21	15	000	C P 	4	308	75000000
TSLA  	2023	07	21	20	000	C P 	12	1209	75000000
TSLA  	2023	07	21	25	000	C P 	24	886	75000000
TSLA  	2023	07	21	30	000	C P 	110	1171	75000000
TSLA  	2023	07	21	35	000	C P 	41	723	75000000
TSLA  	2023	07	21	40	000	C P 	15	1147	75000000
TSLA  	2023	07	21	45	000	C P 	34	226	75000000
TSLA  	2023	07	21	50	000	C P 	66	1809	75000000
TSLA  	2023	07	21	55	000	C P 	86	2023	75000000
TSLA  	2023	07	21	60	000	C P 	93	3053	75000000
TSLA  	2023	07	21	65	000	C P 	74	411	75000000
TSLA  	2023	07	21	70	000	C P 	24	1762	75000000
TSLA  	2023	07	21	75	000	C P 	63	4210	75000000
TSLA  	2023	07	21	80	000	C P 	84	3809	75000000
TSLA  	2023	07	21	85	000	C P 	57	1336	75000000
TSLA  	2023	07	21	90	000	C P 	121	3470	75000000
TSLA  	2023	07	21	95	000	C P 	71	1390	75000000
TSLA  	2023	07	21	100	000	C P 	331	4192	75000000
TSLA  	2023	07	21	105	000	C P 	326	2354	75000000
TSLA  	2023	07	21	110	000	C P 	1123	2929	75000000
TSLA  	2023	07	21	115	000	C P 	483	892	75000000
TSLA  	2023	07	21	120	000	C P 	1345	3543	75000000
TSLA  	2023	07	21	125	000	C P 	1441	1231	75000000
TSLA  	2023	07	21	130	000	C P 	1292	1347	75000000
TSLA  	2023	07	21	135	000	C P 	1151	2440	75000000
TSLA  	2023	07	21	140	000	C P 	1297	2174	75000000
TSLA  	2023	07	21	145	000	C P 	1124	1547	75000000
TSLA  	2023	07	21	150	000	C P 	3524	2084	75000000
TSLA  	2023	07	21	155	000	C P 	1190	2018	75000000
TSLA  	2023	07	21	160	000	C P 	1159	1440	75000000
TSLA  	2023	07	21	165	000	C P 	398	1053	75000000
TSLA  	2023	07	21	170	000	C P 	1362	1892	75000000
TSLA  	2023	07	21	175	000	C P 	967	733	75000000
TSLA  	2023	07	21	180	000	C P 	1096	751	75000000
TSLA  	2023	07	21	185	000	C P 	504	12641	75000000
TSLA  	2023	07	21	190	000	C P 	873	1532	75000000
TSLA  	2023	07	21	195	000	C P 	890	1662	75000000
TSLA  	2023	07	21	200	000	C P 	2567	1636	75000000
TSLA  	2023	07	21	205	000	C P 	547	598	75000000
TSLA  	2023	07	21	210	000	C P 	3558	333	75000000
TSLA  	2023	07	21	215	000	C P 	298	142	75000000
TSLA  	2023	07	21	220	000	C P 	1026	181	75000000
TSLA  	2023	07	21	225	000	C P 	194	761	75000000
TSLA  	2023	07	21	230	000	C P 	519	667	75000000
TSLA  	2023	07	21	235	000	C P 	333	509	75000000
TSLA  	2023	07	21	240	000	C P 	916	1596	75000000
TSLA  	2023	07	21	245	000	C P 	284	635	75000000
TSLA  	2023	07	21	250	000	C P 	25058	1270	75000000
TSLA  	2023	07	21	255	000	C P 	489	379	75000000
TSLA  	2023	07	21	260	000	C P 	181	11	75000000
TSLA  	2023	07	21	265	000	C P 	144	1	75000000
TSLA  	2023	07	21	270	000	C P 	241	3	75000000
TSLA  	2023	07	21	275	000	C P 	157	0	75000000
TSLA  	2023	07	21	280	000	C P 	721	0	75000000
TSLA  	2023	07	21	285	000	C P 	729	0	75000000
TSLA  	2023	07	21	290	000	C P 	324	10	75000000
TSLA  	2023	07	21	295	000	C P 	236	0	75000000
TSLA  	2023	07	21	300	000	C P 	970	0	75000000
TSLA  	2023	07	21	305	000	C P 	160	1	75000000
TSLA  	2023	07	21	310	000	C P 	222	0	75000000
TSLA  	2023	07	21	315	000	C P 	82	0	75000000
TSLA  	2023	07	21	320	000	C P 	268	0	75000000
TSLA  	2023	07	21	325	000	C P 	465	0	75000000
TSLA  	2023	07	21	330	000	C P 	341	1	75000000
TSLA  	2023	07	21	335	000	C P 	57	0	75000000
TSLA  	2023	07	21	340	000	C P 	193	0	75000000
TSLA  	2023	07	21	345	000	C P 	60	0	75000000
TSLA  	2023	07	21	350	000	C P 	224	1	75000000
TSLA  	2023	07	21	355	000	C P 	187	0	75000000
TSLA  	2023	07	21	360	000	C P 	243	0	75000000
TSLA  	2023	07	21	365	000	C P 	558	0	75000000
TSLA  	2023	07	21	370	000	C P 	733	0	75000000
TSLA  	2023	07	21	375	000	C P 	1776	0	75000000
TSLA  	2023	09	15	1	670	C P 	856	19860	75000000
TSLA  	2023	09	15	3	330	C P 	1086	2610	75000000
TSLA  	2023	09	15	5	000	C P 	25	830	75000000
TSLA  	2023	09	15	6	670	C P 	28	3338	75000000
TSLA  	2023	09	15	8	330	C P 	32	1160	75000000
TSLA  	2023	09	15	10	000	C P 	26	1828	75000000
TSLA  	2023	09	15	11	670	C P 	49	562	75000000
TSLA  	2023	09	15	13	330	C P 	88	280	75000000
TSLA  	2023	09	15	16	670	C P 	144	4182	75000000
TSLA  	2023	09	15	30	000	C P 	0	31	75000000
TSLA  	2023	09	15	33	330	C P 	3092	11171	75000000
TSLA  	2023	09	15	35	000	C P 	3	7	75000000
TSLA  	2023	09	15	40	000	C P 	3	20	75000000
TSLA  	2023	09	15	45	000	C P 	0	9	75000000
TSLA  	2023	09	15	50	000	C P 	442	7443	75000000
TSLA  	2023	09	15	55	000	C P 	22	485	75000000
TSLA  	2023	09	15	60	000	C P 	29	459	75000000
TSLA  	2023	09	15	65	000	C P 	4	390	75000000
TSLA  	2023	09	15	66	670	C P 	455	5552	75000000
TSLA  	2023	09	15	70	000	C P 	82	573	75000000
TSLA  	2023	09	15	75	000	C P 	27	434	75000000
TSLA  	2023	09	15	80	000	C P 	68	447	75000000
TSLA  	2023	09	15	83	330	C P 	405	4375	75000000
TSLA  	2023	09	15	85	000	C P 	56	241	75000000
TSLA  	2023	09	15	90	000	C P 	352	1661	75000000
TSLA  	2023	09	15	95	000	C P 	61	2721	75000000
TSLA  	2023	09	15	100	000	C P 	2362	12272	75000000
TSLA  	2023	09	15	105	000	C P 	87	1754	75000000
TSLA  	2023	09	15	108	330	C P 	403	1774	75000000
TSLA  	2023	09	15	110	000	C P 	1096	1056	75000000
TSLA  	2023	09	15	115	000	C P 	176	2707	75000000
TSLA  	2023	09	15	116	670	C P 	626	12215	75000000
TSLA  	2023	09	15	120	000	C P 	328	1166	75000000
TSLA  	2023	09	15	123	330	C P 	500	1357	75000000
TSLA  	2023	09	15	125	000	C P 	1764	4860	75000000
TSLA  	2023	09	15	126	670	C P 	148	1043	75000000
TSLA  	2023	09	15	130	000	C P 	1704	2472	75000000
TSLA  	2023	09	15	133	330	C P 	214	2165	75000000
TSLA  	2023	09	15	135	000	C P 	253	948	75000000
TSLA  	2023	09	15	136	670	C P 	291	485	75000000
TSLA  	2023	09	15	140	000	C P 	1788	1403	75000000
TSLA  	2023	09	15	141	670	C P 	787	1117	75000000
TSLA  	2023	09	15	143	330	C P 	253	1296	75000000
TSLA  	2023	09	15	145	000	C P 	346	143	75000000
TSLA  	2023	09	15	146	670	C P 	1352	725	75000000
TSLA  	2023	09	15	150	000	C P 	33340	10696	75000000
TSLA  	2023	09	15	153	330	C P 	30448	1549	75000000
TSLA  	2023	09	15	155	000	C P 	404	67	75000000
TSLA  	2023	09	15	156	670	C P 	403	559	75000000
TSLA  	2023	09	15	158	330	C P 	324	480	75000000
TSLA  	2023	09	15	160	000	C P 	2947	4533	75000000
TSLA  	2023	09	15	163	330	C P 	424	1472	75000000
TSLA  	2023	09	15	165	000	C P 	521	78	75000000
TSLA  	2023	09	15	166	670	C P 	1376	3001	75000000
TSLA  	2023	09	15	170	000	C P 	571	96	75000000
TSLA  	2023	09	15	173	330	C P 	10336	3009	75000000
TSLA  	2023	09	15	175	000	C P 	10704	7204	75000000
TSLA  	2023	09	15	180	000	C P 	33368	6364	75000000
TSLA  	2023	09	15	183	330	C P 	30925	5171	75000000
TSLA  	2023	09	15	185	000	C P 	120	8	75000000
TSLA  	2023	09	15	186	670	C P 	420	3306	75000000
TSLA  	2023	09	15	190	000	C P 	158	13	75000000
TSLA  	2023	09	15	191	670	C P 	457	940	75000000
TSLA  	2023	09	15	193	330	C P 	878	2646	75000000
TSLA  	2023	09	15	195	000	C P 	4	133	75000000
TSLA  	2023	09	15	200	000	C P 	8564	17047	75000000
TSLA  	2023	09	15	205	000	C P 	23	53	75000000
TSLA  	2023	09	15	206	670	C P 	895	423	75000000
TSLA  	2023	09	15	208	330	C P 	541	2196	75000000
TSLA  	2023	09	15	210	000	C P 	13	115	75000000
TSLA  	2023	09	15	213	330	C P 	483	1267	75000000
TSLA  	2023	09	15	215	000	C P 	19	113	75000000
TSLA  	2023	09	15	216	670	C P 	924	4290	75000000
TSLA  	2023	09	15	220	000	C P 	3637	3097	75000000
TSLA  	2023	09	15	225	000	C P 	1806	3356	75000000
TSLA  	2023	09	15	226	670	C P 	738	1478	75000000
TSLA  	2023	09	15	230	000	C P 	56	59	75000000
TSLA  	2023	09	15	233	330	C P 	3270	2746	75000000
TSLA  	2023	09	15	240	000	C P 	1425	2035	75000000
TSLA  	2023	09	15	241	670	C P 	1158	707	75000000
TSLA  	2023	09	15	246	670	C P 	538	417	75000000
TSLA  	2023	09	15	250	000	C P 	7920	4250	75000000
TSLA  	2023	09	15	253	330	C P 	817	507	75000000
TSLA  	2023	09	15	258	330	C P 	739	2395	75000000
TSLA  	2023	09	15	260	000	C P 	12028	1404	75000000
TSLA  	2023	09	15	266	670	C P 	2227	312	75000000
TSLA  	2023	09	15	273	330	C P 	663	172	75000000
TSLA  	2023	09	15	275	000	C P 	2540	183	75000000
TSLA  	2023	09	15	280	000	C P 	1721	401	75000000
TSLA  	2023	09	15	283	330	C P 	1130	3	75000000
TSLA  	2023	09	15	286	670	C P 	452	0	75000000
TSLA  	2023	09	15	291	670	C P 	948	0	75000000
TSLA  	2023	09	15	293	330	C P 	1292	8	75000000
TSLA  	2023	09	15	300	000	C P 	8434	218	75000000
TSLA  	2023	09	15	306	670	C P 	2630	15	75000000
TSLA  	2023	09	15	308	330	C P 	828	3	75000000
TSLA  	2023	09	15	313	330	C P 	1938	9	75000000
TSLA  	2023	09	15	316	670	C P 	1518	3	75000000
TSLA  	2023	09	15	320	000	C P 	1030	0	75000000
TSLA  	2023	09	15	325	000	C P 	2646	2	75000000
TSLA  	2023	09	15	326	670	C P 	1122	0	75000000
TSLA  	2023	09	15	333	330	C P 	6463	25	75000000
TSLA  	2023	09	15	340	000	C P 	22908	4	75000000
TSLA  	2023	09	15	341	670	C P 	126	0	75000000
TSLA  	2023	09	15	346	670	C P 	519	0	75000000
TSLA  	2023	09	15	350	000	C P 	17363	3	75000000
TSLA  	2023	09	15	353	330	C P 	22014	0	75000000
TSLA  	2023	09	15	358	330	C P 	394	0	75000000
TSLA  	2023	09	15	360	000	C P 	3268	0	75000000
TSLA  	2023	09	15	366	670	C P 	3048	390	75000000
TSLA  	2023	09	15	375	000	C P 	3144	0	75000000
TSLA  	2023	09	15	383	330	C P 	5603	0	75000000
TSLA  	2023	09	15	391	670	C P 	1361	0	75000000
TSLA  	2023	09	15	400	000	C P 	5657	1	75000000
TSLA  	2023	09	15	408	330	C P 	1384	0	75000000
TSLA  	2023	09	15	416	670	C P 	811	0	75000000
TSLA  	2023	09	15	425	000	C P 	2985	0	75000000
TSLA  	2023	09	15	433	330	C P 	4973	8	75000000
TSLA  	2023	09	15	441	670	C P 	1115	0	75000000
TSLA  	2023	09	15	450	000	C P 	2171	0	75000000
TSLA  	2023	09	15	458	330	C P 	407	0	75000000
TSLA  	2023	09	15	466	670	C P 	2704	9	75000000
TSLA  	2023	09	15	475	000	C P 	330	0	75000000
TSLA  	2023	09	15	483	330	C P 	573	0	75000000
TSLA  	2023	09	15	491	670	C P 	1126	0	75000000
TSLA  	2023	09	15	500	000	C P 	4997	0	75000000
TSLA  	2023	09	15	508	330	C P 	707	0	75000000
TSLA  	2023	09	15	516	670	C P 	1321	0	75000000
TSLA  	2023	09	15	525	000	C P 	1050	0	75000000
TSLA  	2023	09	15	533	330	C P 	1909	6	75000000
TSLA  	2023	09	15	541	670	C P 	1105	0	75000000
TSLA  	2023	09	15	550	000	C P 	11631	0	75000000
TSLA  	2023	09	15	558	330	C P 	189	0	75000000
TSLA  	2023	09	15	566	670	C P 	4037	0	75000000
TSLA  	2023	09	15	575	000	C P 	297	0	75000000
TSLA  	2023	09	15	583	330	C P 	535	0	75000000
TSLA  	2023	09	15	591	670	C P 	2099	0	75000000
TSLA  	2023	09	15	600	000	C P 	8540	0	75000000
TSLA  	2023	09	15	608	330	C P 	663	0	75000000
TSLA  	2023	09	15	616	670	C P 	1027	0	75000000
TSLA  	2023	09	15	625	000	C P 	1082	0	75000000
TSLA  	2023	09	15	633	330	C P 	599	0	75000000
TSLA  	2023	09	15	641	670	C P 	429	0	75000000
TSLA  	2023	09	15	650	000	C P 	27257	0	75000000
TSLA  	2023	09	15	658	330	C P 	1266	0	75000000
TSLA  	2023	09	15	666	670	C P 	1280	0	75000000
TSLA  	2023	09	15	675	000	C P 	563	0	75000000
TSLA  	2023	09	15	683	330	C P 	455	0	75000000
TSLA  	2023	09	15	700	000	C P 	1554	0	75000000
TSLA  	2023	09	15	716	670	C P 	1018	0	75000000
TSLA  	2023	09	15	733	330	C P 	2194	0	75000000
TSLA  	2023	09	15	750	000	C P 	8232	0	75000000
TSLA  	2023	09	15	758	330	C P 	70158	0	75000000
TSLA  	2023	12	15	50	000	C P 	486	2293	75000000
TSLA  	2023	12	15	55	000	C P 	60	1183	75000000
TSLA  	2023	12	15	60	000	C P 	27	484	75000000
TSLA  	2023	12	15	65	000	C P 	4	213	75000000
TSLA  	2023	12	15	70	000	C P 	28	3743	75000000
TSLA  	2023	12	15	75	000	C P 	16	4040	75000000
TSLA  	2023	12	15	80	000	C P 	155	595	75000000
TSLA  	2023	12	15	85	000	C P 	1990	1752	75000000
TSLA  	2023	12	15	90	000	C P 	1255	2134	75000000
TSLA  	2023	12	15	95	000	C P 	369	420	75000000
TSLA  	2023	12	15	100	000	C P 	1658	3325	75000000
TSLA  	2023	12	15	105	000	C P 	203	537	75000000
TSLA  	2023	12	15	110	000	C P 	244	1895	75000000
TSLA  	2023	12	15	115	000	C P 	1524	994	75000000
TSLA  	2023	12	15	120	000	C P 	622	689	75000000
TSLA  	2023	12	15	125	000	C P 	421	761	75000000
TSLA  	2023	12	15	130	000	C P 	798	1364	75000000
TSLA  	2023	12	15	135	000	C P 	811	1303	75000000
TSLA  	2023	12	15	140	000	C P 	1051	639	75000000
TSLA  	2023	12	15	145	000	C P 	579	266	75000000
TSLA  	2023	12	15	150	000	C P 	1546	913	75000000
TSLA  	2023	12	15	155	000	C P 	344	290	75000000
TSLA  	2023	12	15	160	000	C P 	3168	165	75000000
TSLA  	2023	12	15	165	000	C P 	1442	345	75000000
TSLA  	2023	12	15	170	000	C P 	1335	258	75000000
TSLA  	2023	12	15	175	000	C P 	2620	197	75000000
TSLA  	2023	12	15	180	000	C P 	1516	190	75000000
TSLA  	2023	12	15	185	000	C P 	122	439	75000000
TSLA  	2023	12	15	190	000	C P 	418	315	75000000
TSLA  	2023	12	15	195	000	C P 	210	380	75000000
TSLA  	2023	12	15	200	000	C P 	2011	906	75000000
TSLA  	2023	12	15	205	000	C P 	1173	156	75000000
TSLA  	2023	12	15	210	000	C P 	678	250	75000000
TSLA  	2023	12	15	215	000	C P 	115	171	75000000
TSLA  	2023	12	15	220	000	C P 	593	282	75000000
TSLA  	2023	12	15	225	000	C P 	805	200	75000000
TSLA  	2023	12	15	230	000	C P 	931	561	75000000
TSLA  	2023	12	15	235	000	C P 	210	402	75000000
TSLA  	2023	12	15	240	000	C P 	1219	470	75000000
TSLA  	2023	12	15	245	000	C P 	1702	402	75000000
TSLA  	2023	12	15	250	000	C P 	4762	2194	75000000
TSLA  	2024	01	19	1	670	C P 	2272	27503	75000000
TSLA  	2024	01	19	3	330	C P 	966	5864	75000000
TSLA  	2024	01	19	5	000	C P 	255	9664	75000000
TSLA  	2024	01	19	6	670	C P 	75	2275	75000000
TSLA  	2024	01	19	8	330	C P 	3902	2070	75000000
TSLA  	2024	01	19	10	000	C P 	273	2977	75000000
TSLA  	2024	01	19	11	670	C P 	253	1408	75000000
TSLA  	2024	01	19	13	330	C P 	819	506	75000000
TSLA  	2024	01	19	15	000	C P 	278	1814	75000000
TSLA  	2024	01	19	16	670	C P 	487	3882	75000000
TSLA  	2024	01	19	18	330	C P 	393	6174	75000000
TSLA  	2024	01	19	20	000	C P 	252	7508	75000000
TSLA  	2024	01	19	21	670	C P 	100	837	75000000
TSLA  	2024	01	19	23	330	C P 	375	4016	75000000
TSLA  	2024	01	19	25	000	C P 	370	2581	75000000
TSLA  	2024	01	19	26	670	C P 	933	1249	75000000
TSLA  	2024	01	19	28	330	C P 	341	890	75000000
TSLA  	2024	01	19	30	000	C P 	232	9216	75000000
TSLA  	2024	01	19	31	670	C P 	1324	1293	75000000
TSLA  	2024	01	19	33	330	C P 	4320	32896	75000000
TSLA  	2024	01	19	50	000	C P 	2114	27246	75000000
TSLA  	2024	01	19	55	000	C P 	82	562	75000000
TSLA  	2024	01	19	60	000	C P 	301	2546	75000000
TSLA  	2024	01	19	65	000	C P 	268	639	75000000
TSLA  	2024	01	19	66	670	C P 	4699	14539	75000000
TSLA  	2024	01	19	70	000	C P 	143	565	75000000
TSLA  	2024	01	19	75	000	C P 	95	2699	75000000
TSLA  	2024	01	19	80	000	C P 	413	1758	75000000
TSLA  	2024	01	19	83	330	C P 	1012	8201	75000000
TSLA  	2024	01	19	85	000	C P 	511	318	75000000
TSLA  	2024	01	19	90	000	C P 	3469	847	75000000
TSLA  	2024	01	19	95	000	C P 	2990	789	75000000
TSLA  	2024	01	19	100	000	C P 	13604	33445	75000000
TSLA  	2024	01	19	105	000	C P 	1318	1524	75000000
TSLA  	2024	01	19	110	000	C P 	4917	6883	75000000
TSLA  	2024	01	19	115	000	C P 	4728	4958	75000000
TSLA  	2024	01	19	116	670	C P 	1895	8178	75000000
TSLA  	2024	01	19	120	000	C P 	3316	2892	75000000
TSLA  	2024	01	19	123	330	C P 	1949	2433	75000000
TSLA  	2024	01	19	125	000	C P 	2181	11807	75000000
TSLA  	2024	01	19	126	670	C P 	1658	6534	75000000
TSLA  	2024	01	19	130	000	C P 	4821	6030	75000000
TSLA  	2024	01	19	133	330	C P 	2083	7101	75000000
TSLA  	2024	01	19	135	000	C P 	1135	771	75000000
TSLA  	2024	01	19	136	670	C P 	2402	2140	75000000
TSLA  	2024	01	19	140	000	C P 	4952	3667	75000000
TSLA  	2024	01	19	143	330	C P 	1545	1992	75000000
TSLA  	2024	01	19	145	000	C P 	504	370	75000000
TSLA  	2024	01	19	146	670	C P 	854	680	75000000
TSLA  	2024	01	19	150	000	C P 	47395	9697	75000000
TSLA  	2024	01	19	153	330	C P 	40656	1035	75000000
TSLA  	2024	01	19	155	000	C P 	208	385	75000000
TSLA  	2024	01	19	156	670	C P 	1281	693	75000000
TSLA  	2024	01	19	160	000	C P 	2781	2875	75000000
TSLA  	2024	01	19	163	330	C P 	521	2338	75000000
TSLA  	2024	01	19	165	000	C P 	1344	73	75000000
TSLA  	2024	01	19	166	670	C P 	6552	6470	75000000
TSLA  	2024	01	19	170	000	C P 	4282	5198	75000000
TSLA  	2024	01	19	173	330	C P 	1487	2227	75000000
TSLA  	2024	01	19	175	000	C P 	1499	589	75000000
TSLA  	2024	01	19	176	670	C P 	1377	1289	75000000
TSLA  	2024	01	19	180	000	C P 	57897	8258	75000000
TSLA  	2024	01	19	183	330	C P 	52682	7451	75000000
TSLA  	2024	01	19	185	000	C P 	841	327	75000000
TSLA  	2024	01	19	186	670	C P 	1100	2167	75000000
TSLA  	2024	01	19	190	000	C P 	1254	12	75000000
TSLA  	2024	01	19	193	330	C P 	2103	9457	75000000
TSLA  	2024	01	19	200	000	C P 	28120	23553	75000000
TSLA  	2024	01	19	203	330	C P 	1344	2213	75000000
TSLA  	2024	01	19	206	670	C P 	1316	1196	75000000
TSLA  	2024	01	19	210	000	C P 	4557	6308	75000000
TSLA  	2024	01	19	213	330	C P 	1318	2750	75000000
TSLA  	2024	01	19	216	670	C P 	8146	7365	75000000
TSLA  	2024	01	19	220	000	C P 	6851	6964	75000000
TSLA  	2024	01	19	223	330	C P 	1075	1412	75000000
TSLA  	2024	01	19	226	670	C P 	20828	3011	75000000
TSLA  	2024	01	19	230	000	C P 	13628	18678	75000000
TSLA  	2024	01	19	233	330	C P 	36866	13951	75000000
TSLA  	2024	01	19	236	670	C P 	1764	1691	75000000
TSLA  	2024	01	19	240	000	C P 	2440	4167	75000000
TSLA  	2024	01	19	243	330	C P 	1106	2077	75000000
TSLA  	2024	01	19	246	670	C P 	783	2081	75000000
TSLA  	2024	01	19	250	000	C P 	21870	5411	75000000
TSLA  	2024	01	19	253	330	C P 	2854	2121	75000000
TSLA  	2024	01	19	256	670	C P 	2874	1463	75000000
TSLA  	2024	01	19	260	000	C P 	5807	3154	75000000
TSLA  	2024	01	19	263	330	C P 	3436	2052	75000000
TSLA  	2024	01	19	266	670	C P 	7312	9466	75000000
TSLA  	2024	01	19	270	000	C P 	2386	4666	75000000
TSLA  	2024	01	19	273	330	C P 	3191	3011	75000000
TSLA  	2024	01	19	276	670	C P 	1633	1701	75000000
TSLA  	2024	01	19	280	000	C P 	6833	6475	75000000
TSLA  	2024	01	19	283	330	C P 	3098	2676	75000000
TSLA  	2024	01	19	286	670	C P 	2518	1392	75000000
TSLA  	2024	01	19	290	000	C P 	7092	472	75000000
TSLA  	2024	01	19	293	330	C P 	1847	1911	75000000
TSLA  	2024	01	19	296	670	C P 	2007	1681	75000000
TSLA  	2024	01	19	300	000	C P 	27264	6222	75000000
TSLA  	2024	01	19	303	330	C P 	3329	18	75000000
TSLA  	2024	01	19	306	670	C P 	6508	112	75000000
TSLA  	2024	01	19	310	000	C P 	3563	960	75000000
TSLA  	2024	01	19	313	330	C P 	1057	14	75000000
TSLA  	2024	01	19	316	670	C P 	4291	303	75000000
TSLA  	2024	01	19	320	000	C P 	5019	273	75000000
TSLA  	2024	01	19	323	330	C P 	438	246	75000000
TSLA  	2024	01	19	325	000	C P 	5571	1	75000000
TSLA  	2024	01	19	326	670	C P 	1284	512	75000000
TSLA  	2024	01	19	330	000	C P 	8301	0	75000000
TSLA  	2024	01	19	333	330	C P 	29880	1672	75000000
TSLA  	2024	01	19	336	670	C P 	1199	0	75000000
TSLA  	2024	01	19	340	000	C P 	3871	1	75000000
TSLA  	2024	01	19	341	670	C P 	894	2	75000000
TSLA  	2024	01	19	343	330	C P 	471	0	75000000
TSLA  	2024	01	19	346	670	C P 	2125	3	75000000
TSLA  	2024	01	19	350	000	C P 	15259	308	75000000
TSLA  	2024	01	19	353	330	C P 	1120	0	75000000
TSLA  	2024	01	19	356	670	C P 	350	0	75000000
TSLA  	2024	01	19	358	330	C P 	1180	0	75000000
TSLA  	2024	01	19	360	000	C P 	8941	601	75000000
TSLA  	2024	01	19	363	330	C P 	418	0	75000000
TSLA  	2024	01	19	366	670	C P 	38475	2781	75000000
TSLA  	2024	01	19	370	000	C P 	6784	0	75000000
TSLA  	2024	01	19	373	330	C P 	1035	0	75000000
TSLA  	2024	01	19	375	000	C P 	11447	6	75000000
TSLA  	2024	01	19	376	670	C P 	385	1	75000000
TSLA  	2024	01	19	380	000	C P 	1162	0	75000000
TSLA  	2024	01	19	383	330	C P 	3074	0	75000000
TSLA  	2024	01	19	386	670	C P 	418	0	75000000
TSLA  	2024	01	19	390	000	C P 	845	0	75000000
TSLA  	2024	01	19	391	670	C P 	2298	0	75000000
TSLA  	2024	01	19	393	330	C P 	560	0	75000000
TSLA  	2024	01	19	396	670	C P 	2760	0	75000000
TSLA  	2024	01	19	400	000	C P 	37970	759	75000000
TSLA  	2024	01	19	408	330	C P 	5156	0	75000000
TSLA  	2024	01	19	416	670	C P 	3783	1890	75000000
TSLA  	2024	01	19	425	000	C P 	3208	0	75000000
TSLA  	2024	01	19	433	330	C P 	5667	3	75000000
TSLA  	2024	01	19	441	670	C P 	1025	0	75000000
TSLA  	2024	01	19	450	000	C P 	5958	2100	75000000
TSLA  	2024	01	19	458	330	C P 	2111	0	75000000
TSLA  	2024	01	19	466	670	C P 	29675	0	75000000
TSLA  	2024	01	19	475	000	C P 	4698	0	75000000
TSLA  	2024	01	19	483	330	C P 	3363	0	75000000
TSLA  	2024	01	19	491	670	C P 	2170	0	75000000
TSLA  	2024	01	19	500	000	C P 	38983	0	75000000
TSLA  	2024	01	19	516	670	C P 	4456	0	75000000
TSLA  	2024	01	19	533	330	C P 	21687	0	75000000
TSLA  	2024	01	19	550	000	C P 	16553	9	75000000
TSLA  	2024	01	19	558	330	C P 	1264	1	75000000
TSLA  	2024	01	19	566	670	C P 	10781	1	75000000
TSLA  	2024	01	19	575	000	C P 	14317	0	75000000
TSLA  	2024	01	19	583	330	C P 	14402	0	75000000
TSLA  	2024	01	19	591	670	C P 	2291	0	75000000
TSLA  	2024	01	19	600	000	C P 	17970	0	75000000
TSLA  	2024	01	19	608	330	C P 	2263	0	75000000
TSLA  	2024	01	19	616	670	C P 	11865	0	75000000
TSLA  	2024	01	19	625	000	C P 	2409	0	75000000
TSLA  	2024	01	19	633	330	C P 	5719	0	75000000
TSLA  	2024	01	19	641	670	C P 	924	0	75000000
TSLA  	2024	01	19	650	000	C P 	3214	0	75000000
TSLA  	2024	01	19	666	670	C P 	41421	0	75000000
TSLA  	2024	01	19	675	000	C P 	4357	0	75000000
TSLA  	2024	01	19	683	330	C P 	7134	0	75000000
TSLA  	2024	01	19	691	670	C P 	1613	0	75000000
TSLA  	2024	01	19	700	000	C P 	4988	0	75000000
TSLA  	2024	01	19	708	330	C P 	764	0	75000000
TSLA  	2024	01	19	716	670	C P 	6041	0	75000000
TSLA  	2024	01	19	725	000	C P 	2580	3	75000000
TSLA  	2024	01	19	733	330	C P 	3378	0	75000000
TSLA  	2024	01	19	741	670	C P 	783	0	75000000
TSLA  	2024	01	19	750	000	C P 	1571	0	75000000
TSLA  	2024	01	19	758	330	C P 	972	0	75000000
TSLA  	2024	01	19	766	670	C P 	2041	0	75000000
TSLA  	2024	01	19	775	000	C P 	2921	0	75000000
TSLA  	2024	01	19	783	330	C P 	577	0	75000000
TSLA  	2024	01	19	791	670	C P 	3237	0	75000000
TSLA  	2024	01	19	800	000	C P 	13720	0	75000000
TSLA  	2024	01	19	808	330	C P 	3913	0	75000000
TSLA  	2024	01	19	816	670	C P 	5903	0	75000000
TSLA  	2024	01	19	825	000	C P 	79890	0	75000000
TSLA  	2024	03	15	1	670	C P 	103	1825	75000000
TSLA  	2024	03	15	3	330	C P 	22	629	75000000
TSLA  	2024	03	15	5	000	C P 	54	399	75000000
TSLA  	2024	03	15	6	670	C P 	6	91	75000000
TSLA  	2024	03	15	8	330	C P 	16	42	75000000
TSLA  	2024	03	15	10	000	C P 	6	308	75000000
TSLA  	2024	03	15	11	670	C P 	11	31	75000000
TSLA  	2024	03	15	13	330	C P 	18	32	75000000
TSLA  	2024	03	15	15	000	C P 	24	141	75000000
TSLA  	2024	03	15	16	670	C P 	111	136	75000000
TSLA  	2024	03	15	33	330	C P 	809	1435	75000000
TSLA  	2024	03	15	50	000	C P 	448	5045	75000000
TSLA  	2024	03	15	55	000	C P 	26	98	75000000
TSLA  	2024	03	15	60	000	C P 	44	109	75000000
TSLA  	2024	03	15	65	000	C P 	21	174	75000000
TSLA  	2024	03	15	66	670	C P 	2028	855	75000000
TSLA  	2024	03	15	70	000	C P 	51	189	75000000
TSLA  	2024	03	15	75	000	C P 	20	163	75000000
TSLA  	2024	03	15	80	000	C P 	186	122	75000000
TSLA  	2024	03	15	83	330	C P 	994	4489	75000000
TSLA  	2024	03	15	85	000	C P 	162	144	75000000
TSLA  	2024	03	15	90	000	C P 	502	369	75000000
TSLA  	2024	03	15	95	000	C P 	1315	338	75000000
TSLA  	2024	03	15	100	000	C P 	3357	2878	75000000
TSLA  	2024	03	15	105	000	C P 	630	693	75000000
TSLA  	2024	03	15	110	000	C P 	427	2428	75000000
TSLA  	2024	03	15	115	000	C P 	23	80	75000000
TSLA  	2024	03	15	116	670	C P 	526	795	75000000
TSLA  	2024	03	15	120	000	C P 	233	130	75000000
TSLA  	2024	03	15	125	000	C P 	176	648	75000000
TSLA  	2024	03	15	130	000	C P 	156	574	75000000
TSLA  	2024	03	15	133	330	C P 	397	5548	75000000
TSLA  	2024	03	15	135	000	C P 	165	58	75000000
TSLA  	2024	03	15	140	000	C P 	146	36	75000000
TSLA  	2024	03	15	141	670	C P 	333	228	75000000
TSLA  	2024	03	15	145	000	C P 	59	13	75000000
TSLA  	2024	03	15	150	000	C P 	1331	4267	75000000
TSLA  	2024	03	15	155	000	C P 	32	91	75000000
TSLA  	2024	03	15	158	330	C P 	108	491	75000000
TSLA  	2024	03	15	160	000	C P 	150	240	75000000
TSLA  	2024	03	15	165	000	C P 	87	65	75000000
TSLA  	2024	03	15	166	670	C P 	577	1160	75000000
TSLA  	2024	03	15	170	000	C P 	204	139	75000000
TSLA  	2024	03	15	175	000	C P 	491	1747	75000000
TSLA  	2024	03	15	180	000	C P 	160	308	75000000
TSLA  	2024	03	15	183	330	C P 	541	999	75000000
TSLA  	2024	03	15	185	000	C P 	1	47	75000000
TSLA  	2024	03	15	190	000	C P 	46	27	75000000
TSLA  	2024	03	15	191	670	C P 	308	1407	75000000
TSLA  	2024	03	15	200	000	C P 	4854	4661	75000000
TSLA  	2024	03	15	208	330	C P 	2305	745	75000000
TSLA  	2024	03	15	216	670	C P 	548	992	75000000
TSLA  	2024	03	15	225	000	C P 	650	2422	75000000
TSLA  	2024	03	15	233	330	C P 	783	1235	75000000
TSLA  	2024	03	15	241	670	C P 	389	955	75000000
TSLA  	2024	03	15	250	000	C P 	1441	1368	75000000
TSLA  	2024	03	15	258	330	C P 	474	1039	75000000
TSLA  	2024	03	15	266	670	C P 	909	735	75000000
TSLA  	2024	03	15	275	000	C P 	1399	735	75000000
TSLA  	2024	03	15	283	330	C P 	1126	667	75000000
TSLA  	2024	03	15	291	670	C P 	1192	64	75000000
TSLA  	2024	03	15	300	000	C P 	3665	24	75000000
TSLA  	2024	03	15	308	330	C P 	185	0	75000000
TSLA  	2024	03	15	316	670	C P 	1017	369	75000000
TSLA  	2024	03	15	325	000	C P 	1613	2	75000000
TSLA  	2024	03	15	333	330	C P 	760	1	75000000
TSLA  	2024	03	15	341	670	C P 	179	0	75000000
TSLA  	2024	03	15	350	000	C P 	540	0	75000000
TSLA  	2024	03	15	358	330	C P 	265	0	75000000
TSLA  	2024	03	15	366	670	C P 	605	0	75000000
TSLA  	2024	03	15	375	000	C P 	502	0	75000000
TSLA  	2024	03	15	383	330	C P 	222	0	75000000
TSLA  	2024	03	15	391	670	C P 	320	0	75000000
TSLA  	2024	03	15	400	000	C P 	1060	0	75000000
TSLA  	2024	03	15	408	330	C P 	688	0	75000000
TSLA  	2024	03	15	416	670	C P 	396	0	75000000
TSLA  	2024	03	15	425	000	C P 	863	0	75000000
TSLA  	2024	03	15	433	330	C P 	597	0	75000000
TSLA  	2024	03	15	441	670	C P 	127	0	75000000
TSLA  	2024	03	15	450	000	C P 	788	0	75000000
TSLA  	2024	03	15	458	330	C P 	253	0	75000000
TSLA  	2024	03	15	466	670	C P 	796	0	75000000
TSLA  	2024	03	15	475	000	C P 	430	0	75000000
TSLA  	2024	03	15	483	330	C P 	501	0	75000000
TSLA  	2024	03	15	491	670	C P 	317	0	75000000
TSLA  	2024	03	15	500	000	C P 	2947	0	75000000
TSLA  	2024	03	15	508	330	C P 	163	0	75000000
TSLA  	2024	03	15	516	670	C P 	687	0	75000000
TSLA  	2024	03	15	525	000	C P 	83	0	75000000
TSLA  	2024	03	15	533	330	C P 	154	0	75000000
TSLA  	2024	03	15	541	670	C P 	174	0	75000000
TSLA  	2024	03	15	550	000	C P 	382	0	75000000
TSLA  	2024	03	15	558	330	C P 	189	0	75000000
TSLA  	2024	03	15	566	670	C P 	427	0	75000000
TSLA  	2024	03	15	575	000	C P 	659	0	75000000
TSLA  	2024	03	15	583	330	C P 	471	0	75000000
TSLA  	2024	03	15	600	000	C P 	3567	1	75000000
TSLA  	2024	06	21	1	670	C P 	630	16250	75000000
TSLA  	2024	06	21	3	330	C P 	149	3061	75000000
TSLA  	2024	06	21	5	000	C P 	19	977	75000000
TSLA  	2024	06	21	6	670	C P 	219	1238	75000000
TSLA  	2024	06	21	8	330	C P 	121	373	75000000
TSLA  	2024	06	21	10	000	C P 	278	1705	75000000
TSLA  	2024	06	21	11	670	C P 	540	194	75000000
TSLA  	2024	06	21	13	330	C P 	36	143	75000000
TSLA  	2024	06	21	16	670	C P 	1403	2962	75000000
TSLA  	2024	06	21	33	330	C P 	7804	5384	75000000
TSLA  	2024	06	21	50	000	C P 	1923	3718	75000000
TSLA  	2024	06	21	55	000	C P 	6	395	75000000
TSLA  	2024	06	21	60	000	C P 	55	486	75000000
TSLA  	2024	06	21	65	000	C P 	111	2085	75000000
TSLA  	2024	06	21	66	670	C P 	1890	4240	75000000
TSLA  	2024	06	21	70	000	C P 	43	226	75000000
TSLA  	2024	06	21	75	000	C P 	51	95	75000000
TSLA  	2024	06	21	80	000	C P 	107	34	75000000
TSLA  	2024	06	21	83	330	C P 	30599	4218	75000000
TSLA  	2024	06	21	85	000	C P 	60	223	75000000
TSLA  	2024	06	21	90	000	C P 	535	645	75000000
TSLA  	2024	06	21	95	000	C P 	340	53	75000000
TSLA  	2024	06	21	100	000	C P 	5261	8987	75000000
TSLA  	2024	06	21	105	000	C P 	466	814	75000000
TSLA  	2024	06	21	110	000	C P 	390	2220	75000000
TSLA  	2024	06	21	115	000	C P 	99	88	75000000
TSLA  	2024	06	21	116	670	C P 	4244	960	75000000
TSLA  	2024	06	21	120	000	C P 	522	203	75000000
TSLA  	2024	06	21	123	330	C P 	642	3512	75000000
TSLA  	2024	06	21	125	000	C P 	49	2429	75000000
TSLA  	2024	06	21	126	670	C P 	234	1865	75000000
TSLA  	2024	06	21	130	000	C P 	5669	1574	75000000
TSLA  	2024	06	21	133	330	C P 	6462	3164	75000000
TSLA  	2024	06	21	135	000	C P 	90	345	75000000
TSLA  	2024	06	21	136	670	C P 	428	1896	75000000
TSLA  	2024	06	21	140	000	C P 	1445	2428	75000000
TSLA  	2024	06	21	143	330	C P 	1214	1744	75000000
TSLA  	2024	06	21	145	000	C P 	33	195	75000000
TSLA  	2024	06	21	146	670	C P 	634	511	75000000
TSLA  	2024	06	21	150	000	C P 	4257	8984	75000000
TSLA  	2024	06	21	153	330	C P 	290	816	75000000
TSLA  	2024	06	21	155	000	C P 	86	439	75000000
TSLA  	2024	06	21	156	670	C P 	374	195	75000000
TSLA  	2024	06	21	160	000	C P 	938	2705	75000000
TSLA  	2024	06	21	163	330	C P 	181	1409	75000000
TSLA  	2024	06	21	165	000	C P 	37	67	75000000
TSLA  	2024	06	21	166	670	C P 	1587	5510	75000000
TSLA  	2024	06	21	170	000	C P 	295	58	75000000
TSLA  	2024	06	21	173	330	C P 	525	5872	75000000
TSLA  	2024	06	21	175	000	C P 	1007	112	75000000
TSLA  	2024	06	21	180	000	C P 	21172	5983	75000000
TSLA  	2024	06	21	183	330	C P 	20772	3542	75000000
TSLA  	2024	06	21	185	000	C P 	217	36	75000000
TSLA  	2024	06	21	186	670	C P 	1251	1845	75000000
TSLA  	2024	06	21	190	000	C P 	279	2	75000000
TSLA  	2024	06	21	193	330	C P 	1063	4214	75000000
TSLA  	2024	06	21	200	000	C P 	4551	9902	75000000
TSLA  	2024	06	21	206	670	C P 	558	2846	75000000
TSLA  	2024	06	21	213	330	C P 	579	1530	75000000
TSLA  	2024	06	21	216	670	C P 	1210	5234	75000000
TSLA  	2024	06	21	220	000	C P 	1411	2452	75000000
TSLA  	2024	06	21	226	670	C P 	1259	3391	75000000
TSLA  	2024	06	21	233	330	C P 	6972	6850	75000000
TSLA  	2024	06	21	240	000	C P 	1204	4578	75000000
TSLA  	2024	06	21	246	670	C P 	1601	1186	75000000
TSLA  	2024	06	21	250	000	C P 	5371	3425	75000000
TSLA  	2024	06	21	253	330	C P 	1174	820	75000000
TSLA  	2024	06	21	260	000	C P 	1776	968	75000000
TSLA  	2024	06	21	266	670	C P 	9889	3314	75000000
TSLA  	2024	06	21	270	000	C P 	1461	1675	75000000
TSLA  	2024	06	21	273	330	C P 	1185	690	75000000
TSLA  	2024	06	21	276	670	C P 	942	718	75000000
TSLA  	2024	06	21	280	000	C P 	1044	1488	75000000
TSLA  	2024	06	21	283	330	C P 	3192	1209	75000000
TSLA  	2024	06	21	286	670	C P 	744	687	75000000
TSLA  	2024	06	21	290	000	C P 	1018	1006	75000000
TSLA  	2024	06	21	293	330	C P 	924	975	75000000
TSLA  	2024	06	21	296	670	C P 	790	277	75000000
TSLA  	2024	06	21	300	000	C P 	9270	983	75000000
TSLA  	2024	06	21	303	330	C P 	1291	645	75000000
TSLA  	2024	06	21	306	670	C P 	1400	241	75000000
TSLA  	2024	06	21	310	000	C P 	1672	549	75000000
TSLA  	2024	06	21	313	330	C P 	831	718	75000000
TSLA  	2024	06	21	316	670	C P 	2266	9	75000000
TSLA  	2024	06	21	320	000	C P 	666	631	75000000
TSLA  	2024	06	21	323	330	C P 	349	289	75000000
TSLA  	2024	06	21	326	670	C P 	488	269	75000000
TSLA  	2024	06	21	330	000	C P 	3334	105	75000000
TSLA  	2024	06	21	333	330	C P 	7843	1076	75000000
TSLA  	2024	06	21	336	670	C P 	2279	177	75000000
TSLA  	2024	06	21	340	000	C P 	775	8	75000000
TSLA  	2024	06	21	343	330	C P 	1147	0	75000000
TSLA  	2024	06	21	346	670	C P 	346	0	75000000
TSLA  	2024	06	21	350	000	C P 	3372	0	75000000
TSLA  	2024	06	21	353	330	C P 	205	69	75000000
TSLA  	2024	06	21	356	670	C P 	496	0	75000000
TSLA  	2024	06	21	360	000	C P 	2365	0	75000000
TSLA  	2024	06	21	363	330	C P 	375	0	75000000
TSLA  	2024	06	21	366	670	C P 	4318	0	75000000
TSLA  	2024	06	21	370	000	C P 	3044	7	75000000
TSLA  	2024	06	21	373	330	C P 	545	0	75000000
TSLA  	2024	06	21	376	670	C P 	799	0	75000000
TSLA  	2024	06	21	380	000	C P 	602	0	75000000
TSLA  	2024	06	21	383	330	C P 	1059	0	75000000
TSLA  	2024	06	21	386	670	C P 	311	4	75000000
TSLA  	2024	06	21	390	000	C P 	399	0	75000000
TSLA  	2024	06	21	393	330	C P 	669	0	75000000
TSLA  	2024	06	21	396	670	C P 	562	0	75000000
TSLA  	2024	06	21	400	000	C P 	39529	922	75000000
TSLA  	2024	06	21	416	670	C P 	2990	0	75000000
TSLA  	2024	06	21	433	330	C P 	3357	0	75000000
TSLA  	2024	06	21	450	000	C P 	3215	0	75000000
TSLA  	2024	06	21	466	670	C P 	5315	0	75000000
TSLA  	2024	06	21	483	330	C P 	1390	0	75000000
TSLA  	2024	06	21	500	000	C P 	12150	0	75000000
TSLA  	2024	06	21	516	670	C P 	2379	0	75000000
TSLA  	2024	06	21	533	330	C P 	3391	0	75000000
TSLA  	2024	06	21	550	000	C P 	2543	0	75000000
TSLA  	2024	06	21	566	670	C P 	1024	0	75000000
TSLA  	2024	06	21	583	330	C P 	929	0	75000000
TSLA  	2024	06	21	600	000	C P 	17191	0	75000000
TSLA  	2024	06	21	616	670	C P 	14089	0	75000000
TSLA  	2024	06	21	633	330	C P 	4579	0	75000000
TSLA  	2024	06	21	650	000	C P 	550	0	75000000
TSLA  	2024	06	21	666	670	C P 	7062	0	75000000
TSLA  	2024	06	21	683	330	C P 	1704	0	75000000
TSLA  	2024	06	21	700	000	C P 	3554	0	75000000
TSLA  	2024	06	21	716	670	C P 	897	0	75000000
TSLA  	2024	06	21	733	330	C P 	2380	0	75000000
TSLA  	2024	06	21	750	000	C P 	6200	1	75000000
TSLA  	2024	06	21	758	330	C P 	15797	0	75000000
TSLA  	2024	09	20	50	000	C P 	44	981	75000000
TSLA  	2024	09	20	55	000	C P 	27	48	75000000
TSLA  	2024	09	20	60	000	C P 	9	137	75000000
TSLA  	2024	09	20	65	000	C P 	29	108	75000000
TSLA  	2024	09	20	70	000	C P 	8	154	75000000
TSLA  	2024	09	20	75	000	C P 	9	111	75000000
TSLA  	2024	09	20	80	000	C P 	51	147	75000000
TSLA  	2024	09	20	85	000	C P 	981	432	75000000
TSLA  	2024	09	20	90	000	C P 	39	198	75000000
TSLA  	2024	09	20	95	000	C P 	19	175	75000000
TSLA  	2024	09	20	100	000	C P 	300	2057	75000000
TSLA  	2024	09	20	105	000	C P 	178	528	75000000
TSLA  	2024	09	20	110	000	C P 	178	458	75000000
TSLA  	2024	09	20	115	000	C P 	212	107	75000000
TSLA  	2024	09	20	120	000	C P 	440	333	75000000
TSLA  	2024	09	20	125	000	C P 	172	947	75000000
TSLA  	2024	09	20	130	000	C P 	201	251	75000000
TSLA  	2024	09	20	135	000	C P 	86	183	75000000
TSLA  	2024	09	20	140	000	C P 	151	220	75000000
TSLA  	2024	09	20	145	000	C P 	103	85	75000000
TSLA  	2024	09	20	150	000	C P 	653	693	75000000
TSLA  	2024	09	20	155	000	C P 	101	113	75000000
TSLA  	2024	09	20	160	000	C P 	587	602	75000000
TSLA  	2024	09	20	165	000	C P 	165	36	75000000
TSLA  	2024	09	20	170	000	C P 	187	210	75000000
TSLA  	2024	09	20	175	000	C P 	37	113	75000000
TSLA  	2024	09	20	180	000	C P 	278	24	75000000
TSLA  	2024	09	20	185	000	C P 	198	988	75000000
TSLA  	2024	09	20	190	000	C P 	437	59	75000000
TSLA  	2024	09	20	195	000	C P 	49	102	75000000
TSLA  	2024	09	20	200	000	C P 	562	1392	75000000
TSLA  	2024	09	20	210	000	C P 	45	187	75000000
TSLA  	2024	09	20	220	000	C P 	1290	328	75000000
TSLA  	2024	09	20	230	000	C P 	86	118	75000000
TSLA  	2024	09	20	240	000	C P 	132	302	75000000
TSLA  	2024	09	20	250	000	C P 	472	169	75000000
TSLA  	2024	09	20	260	000	C P 	340	70	75000000
TSLA  	2024	09	20	270	000	C P 	152	108	75000000
TSLA  	2024	09	20	280	000	C P 	105	226	75000000
TSLA  	2024	09	20	290	000	C P 	77	398	75000000
TSLA  	2024	09	20	300	000	C P 	845	505	75000000
TSLA  	2024	09	20	310	000	C P 	77	7	75000000
TSLA  	2024	09	20	320	000	C P 	68	4	75000000
TSLA  	2024	09	20	330	000	C P 	84	3	75000000
TSLA  	2024	09	20	340	000	C P 	513	1	75000000
TSLA  	2024	09	20	350	000	C P 	982	2	75000000
TSLA  	2025	01	17	5	000	C P 	683	7681	75000000
TSLA  	2025	01	17	10	000	C P 	137	592	75000000
TSLA  	2025	01	17	15	000	C P 	28	1133	75000000
TSLA  	2025	01	17	20	000	C P 	382	5744	75000000
TSLA  	2025	01	17	25	000	C P 	87	2474	75000000
TSLA  	2025	01	17	30	000	C P 	13744	16199	75000000
TSLA  	2025	01	17	35	000	C P 	252	1050	75000000
TSLA  	2025	01	17	40	000	C P 	13145	14244	75000000
TSLA  	2025	01	17	45	000	C P 	290	1461	75000000
TSLA  	2025	01	17	50	000	C P 	1884	7985	75000000
TSLA  	2025	01	17	55	000	C P 	219	2762	75000000
TSLA  	2025	01	17	60	000	C P 	498	1986	75000000
TSLA  	2025	01	17	65	000	C P 	661	633	75000000
TSLA  	2025	01	17	70	000	C P 	1869	1433	75000000
TSLA  	2025	01	17	75	000	C P 	164	4380	75000000
TSLA  	2025	01	17	80	000	C P 	1095	1912	75000000
TSLA  	2025	01	17	85	000	C P 	1825	1505	75000000
TSLA  	2025	01	17	90	000	C P 	1002	5612	75000000
TSLA  	2025	01	17	95	000	C P 	90	361	75000000
TSLA  	2025	01	17	100	000	C P 	5437	15924	75000000
TSLA  	2025	01	17	105	000	C P 	164	1558	75000000
TSLA  	2025	01	17	110	000	C P 	4688	7057	75000000
TSLA  	2025	01	17	115	000	C P 	2731	3565	75000000
TSLA  	2025	01	17	120	000	C P 	8743	5955	75000000
TSLA  	2025	01	17	125	000	C P 	1932	862	75000000
TSLA  	2025	01	17	130	000	C P 	5634	7170	75000000
TSLA  	2025	01	17	135	000	C P 	5424	749	75000000
TSLA  	2025	01	17	140	000	C P 	8502	3370	75000000
TSLA  	2025	01	17	145	000	C P 	840	308	75000000
TSLA  	2025	01	17	150	000	C P 	12514	9360	75000000
TSLA  	2025	01	17	155	000	C P 	246	172	75000000
TSLA  	2025	01	17	160	000	C P 	6141	5596	75000000
TSLA  	2025	01	17	165	000	C P 	202	302	75000000
TSLA  	2025	01	17	170	000	C P 	33077	10121	75000000
TSLA  	2025	01	17	175	000	C P 	33622	4214	75000000
TSLA  	2025	01	17	180	000	C P 	12331	8402	75000000
TSLA  	2025	01	17	185	000	C P 	11089	4508	75000000
TSLA  	2025	01	17	190	000	C P 	4777	4463	75000000
TSLA  	2025	01	17	195	000	C P 	2931	1728	75000000
TSLA  	2025	01	17	200	000	C P 	26605	11261	75000000
TSLA  	2025	01	17	210	000	C P 	4192	2689	75000000
TSLA  	2025	01	17	220	000	C P 	2304	5285	75000000
TSLA  	2025	01	17	230	000	C P 	2405	3182	75000000
TSLA  	2025	01	17	240	000	C P 	2395	4486	75000000
TSLA  	2025	01	17	250	000	C P 	10807	5192	75000000
TSLA  	2025	01	17	260	000	C P 	4526	1743	75000000
TSLA  	2025	01	17	270	000	C P 	2319	1251	75000000
TSLA  	2025	01	17	280	000	C P 	2427	2894	75000000
TSLA  	2025	01	17	290	000	C P 	3697	847	75000000
TSLA  	2025	01	17	300	000	C P 	32491	2055	75000000
TSLA  	2025	01	17	310	000	C P 	4364	339	75000000
TSLA  	2025	01	17	320	000	C P 	1398	488	75000000
TSLA  	2025	01	17	330	000	C P 	2244	741	75000000
TSLA  	2025	01	17	340	000	C P 	1089	212	75000000
TSLA  	2025	01	17	350	000	C P 	6579	447	75000000
TSLA  	2025	01	17	360	000	C P 	1790	127	75000000
TSLA  	2025	01	17	370	000	C P 	1732	165	75000000
TSLA  	2025	01	17	380	000	C P 	1452	0	75000000
TSLA  	2025	01	17	390	000	C P 	1811	0	75000000
TSLA  	2025	01	17	400	000	C P 	18238	0	75000000
TSLA  	2025	01	17	410	000	C P 	4156	0	75000000
TSLA  	2025	01	17	420	000	C P 	2894	0	75000000
TSLA  	2025	01	17	430	000	C P 	547	0	75000000
TSLA  	2025	01	17	440	000	C P 	597	4	75000000
TSLA  	2025	01	17	450	000	C P 	2310	0	75000000
TSLA  	2025	01	17	460	000	C P 	901	1	75000000
TSLA  	2025	01	17	470	000	C P 	1017	0	75000000
TSLA  	2025	01	17	480	000	C P 	731	0	75000000
TSLA  	2025	01	17	490	000	C P 	715	0	75000000
TSLA  	2025	01	17	500	000	C P 	10061	0	75000000
TSLA  	2025	01	17	510	000	C P 	1088	0	75000000
TSLA  	2025	01	17	520	000	C P 	8323	0	75000000
TSLA  	2025	01	17	530	000	C P 	616	0	75000000
TSLA  	2025	01	17	540	000	C P 	527	0	75000000
TSLA  	2025	01	17	550	000	C P 	1862	0	75000000
TSLA  	2025	01	17	560	000	C P 	569	0	75000000
TSLA  	2025	01	17	570	000	C P 	657	0	75000000
TSLA  	2025	01	17	580	000	C P 	849	0	75000000
TSLA  	2025	01	17	590	000	C P 	466	0	75000000
TSLA  	2025	01	17	600	000	C P 	15104	0	75000000
TSLA  	2025	01	17	610	000	C P 	16957	0	75000000
TSLA  	2025	06	20	5	000	C P 	168	319	75000000
TSLA  	2025	06	20	10	000	C P 	2	63	75000000
TSLA  	2025	06	20	15	000	C P 	6	615	75000000
TSLA  	2025	06	20	20	000	C P 	5	136	75000000
TSLA  	2025	06	20	25	000	C P 	6	31	75000000
TSLA  	2025	06	20	30	000	C P 	91	19	75000000
TSLA  	2025	06	20	35	000	C P 	0	47	75000000
TSLA  	2025	06	20	40	000	C P 	10	170	75000000
TSLA  	2025	06	20	45	000	C P 	14	16	75000000
TSLA  	2025	06	20	50	000	C P 	87	53	75000000
TSLA  	2025	06	20	55	000	C P 	1	37	75000000
TSLA  	2025	06	20	60	000	C P 	9	116	75000000
TSLA  	2025	06	20	65	000	C P 	7	279	75000000
TSLA  	2025	06	20	70	000	C P 	23	29	75000000
TSLA  	2025	06	20	75	000	C P 	18	1321	75000000
TSLA  	2025	06	20	80	000	C P 	96	29	75000000
TSLA  	2025	06	20	85	000	C P 	33	64	75000000
TSLA  	2025	06	20	90	000	C P 	9910	53	75000000
TSLA  	2025	06	20	95	000	C P 	46375	22	75000000
TSLA  	2025	06	20	100	000	C P 	652	2811	75000000
TSLA  	2025	06	20	105	000	C P 	14	25	75000000
TSLA  	2025	06	20	110	000	C P 	164	2243	75000000
TSLA  	2025	06	20	115	000	C P 	72	26	75000000
TSLA  	2025	06	20	120	000	C P 	214	1466	75000000
TSLA  	2025	06	20	125	000	C P 	237	159	75000000
TSLA  	2025	06	20	130	000	C P 	1266	1766	75000000
TSLA  	2025	06	20	135	000	C P 	724	107	75000000
TSLA  	2025	06	20	140	000	C P 	558	1143	75000000
TSLA  	2025	06	20	145	000	C P 	130	47	75000000
TSLA  	2025	06	20	150	000	C P 	822	85	75000000
TSLA  	2025	06	20	155	000	C P 	30	4	75000000
TSLA  	2025	06	20	160	000	C P 	251	71	75000000
TSLA  	2025	06	20	165	000	C P 	56	3	75000000
TSLA  	2025	06	20	170	000	C P 	90	14	75000000
TSLA  	2025	06	20	175	000	C P 	91	18	75000000
TSLA  	2025	06	20	180	000	C P 	342	23	75000000
TSLA  	2025	06	20	185	000	C P 	23	5	75000000
TSLA  	2025	06	20	190	000	C P 	42	5	75000000
TSLA  	2025	06	20	195	000	C P 	47	5	75000000
TSLA  	2025	06	20	200	000	C P 	1313	57	75000000
TSLA  	2025	06	20	205	000	C P 	126	3	75000000
TSLA  	2025	06	20	210	000	C P 	40	1	75000000
TSLA  	2025	06	20	215	000	C P 	47	6	75000000
TSLA  	2025	06	20	220	000	C P 	295	34	75000000
TSLA  	2025	06	20	225	000	C P 	65	3	75000000
TSLA  	2025	06	20	230	000	C P 	87	27	75000000
TSLA  	2025	06	20	235	000	C P 	99	53	75000000
TSLA  	2025	06	20	240	000	C P 	1722	83	75000000
