Series Search Results for TSLA

Products for this option symbol are traded on: 
AMEX ARCA BATS BOX C2 CBOE EDGX EMLD GEM ISE MCRY MIAX MPRL NOBO NSDQ PHLX 

		Series/contract		Strike			Open Interest			
ProductSymbol	year	Month	Day	Integer	Dec	C/P	Call	Put	Position Limit	
TSLA  		2023	02	24	15	000	C P 	24	16	75000000
TSLA  		2023	02	24	20	000	C P 	9	1	75000000
TSLA  		2023	02	24	25	000	C P 	13	3	75000000
TSLA  		2023	02	24	30	000	C P 	3	748	75000000
TSLA  		2023	02	24	35	000	C P 	0	25	75000000
TSLA  		2023	02	24	40	000	C P 	0	439	75000000
TSLA  		2023	02	24	45	000	C P 	0	2046	75000000
TSLA  		2023	02	24	50	000	C P 	103	1898	75000000
TSLA  		2023	02	24	55	000	C P 	3	806	75000000
TSLA  		2023	02	24	60	000	C P 	11	1451	75000000
TSLA  		2023	02	24	65	000	C P 	6	701	75000000
TSLA  		2023	02	24	70	000	C P 	6	599	75000000
TSLA  		2023	02	24	75	000	C P 	1	852	75000000
TSLA  		2023	02	24	80	000	C P 	6	1122	75000000
TSLA  		2023	02	24	85	000	C P 	1	638	75000000
TSLA  		2023	02	24	90	000	C P 	85	1507	75000000
TSLA  		2023	02	24	95	000	C P 	18	1936	75000000
TSLA  		2023	02	24	98	000	C P 	14	975	75000000
TSLA  		2023	02	24	99	000	C P 	17	636	75000000
TSLA  		2023	02	24	100	000	C P 	82	2492	75000000
TSLA  		2023	02	24	101	000	C P 	19	475	75000000
TSLA  		2023	02	24	102	000	C P 	12	244	75000000
TSLA  		2023	02	24	103	000	C P 	8	314	75000000
TSLA  		2023	02	24	104	000	C P 	15	423	75000000
TSLA  		2023	02	24	105	000	C P 	110	2223	75000000
TSLA  		2023	02	24	106	000	C P 	12	682	75000000
TSLA  		2023	02	24	107	000	C P 	13	1529	75000000
TSLA  		2023	02	24	108	000	C P 	37	718	75000000
TSLA  		2023	02	24	109	000	C P 	42	1058	75000000
TSLA  		2023	02	24	110	000	C P 	354	1884	75000000
TSLA  		2023	02	24	111	000	C P 	75	497	75000000
TSLA  		2023	02	24	112	000	C P 	53	599	75000000
TSLA  		2023	02	24	113	000	C P 	45	1553	75000000
TSLA  		2023	02	24	114	000	C P 	352	1057	75000000
TSLA  		2023	02	24	115	000	C P 	371	2137	75000000
TSLA  		2023	02	24	116	000	C P 	328	2438	75000000
TSLA  		2023	02	24	117	000	C P 	263	1247	75000000
TSLA  		2023	02	24	118	000	C P 	215	1088	75000000
TSLA  		2023	02	24	119	000	C P 	220	792	75000000
TSLA  		2023	02	24	120	000	C P 	459	2978	75000000
TSLA  		2023	02	24	121	000	C P 	317	819	75000000
TSLA  		2023	02	24	122	000	C P 	291	2727	75000000
TSLA  		2023	02	24	123	000	C P 	428	579	75000000
TSLA  		2023	02	24	124	000	C P 	164	848	75000000
TSLA  		2023	02	24	125	000	C P 	675	4648	75000000
TSLA  		2023	02	24	126	000	C P 	206	712	75000000
TSLA  		2023	02	24	127	000	C P 	115	1265	75000000
TSLA  		2023	02	24	128	000	C P 	168	1323	75000000
TSLA  		2023	02	24	129	000	C P 	223	1499	75000000
TSLA  		2023	02	24	130	000	C P 	2692	3323	75000000
TSLA  		2023	02	24	131	000	C P 	428	1033	75000000
TSLA  		2023	02	24	132	000	C P 	254	1525	75000000
TSLA  		2023	02	24	133	000	C P 	146	734	75000000
TSLA  		2023	02	24	134	000	C P 	268	934	75000000
TSLA  		2023	02	24	135	000	C P 	1927	3226	75000000
TSLA  		2023	02	24	136	000	C P 	108	669	75000000
TSLA  		2023	02	24	137	000	C P 	139	1740	75000000
TSLA  		2023	02	24	138	000	C P 	256	966	75000000
TSLA  		2023	02	24	139	000	C P 	535	762	75000000
TSLA  		2023	02	24	140	000	C P 	1548	7568	75000000
TSLA  		2023	02	24	141	000	C P 	336	1855	75000000
TSLA  		2023	02	24	142	000	C P 	477	1477	75000000
TSLA  		2023	02	24	143	000	C P 	72	864	75000000
TSLA  		2023	02	24	144	000	C P 	102	3105	75000000
TSLA  		2023	02	24	145	000	C P 	2013	6839	75000000
TSLA  		2023	02	24	146	000	C P 	90	3006	75000000
TSLA  		2023	02	24	147	000	C P 	97	845	75000000
TSLA  		2023	02	24	148	000	C P 	163	3223	75000000
TSLA  		2023	02	24	149	000	C P 	119	3261	75000000
TSLA  		2023	02	24	150	000	C P 	3172	10377	75000000
TSLA  		2023	02	24	152	500	C P 	69	2901	75000000
TSLA  		2023	02	24	155	000	C P 	2762	9415	75000000
TSLA  		2023	02	24	157	500	C P 	1169	7164	75000000
TSLA  		2023	02	24	160	000	C P 	3937	10381	75000000
TSLA  		2023	02	24	162	500	C P 	473	3809	75000000
TSLA  		2023	02	24	165	000	C P 	2680	8236	75000000
TSLA  		2023	02	24	167	500	C P 	1084	5184	75000000
TSLA  		2023	02	24	170	000	C P 	9367	14290	75000000
TSLA  		2023	02	24	172	500	C P 	782	3406	75000000
TSLA  		2023	02	24	175	000	C P 	4275	12971	75000000
TSLA  		2023	02	24	177	500	C P 	431	7826	75000000
TSLA  		2023	02	24	180	000	C P 	5442	24790	75000000
TSLA  		2023	02	24	182	500	C P 	625	11961	75000000
TSLA  		2023	02	24	185	000	C P 	2183	15806	75000000
TSLA  		2023	02	24	187	500	C P 	1256	9224	75000000
TSLA  		2023	02	24	190	000	C P 	13043	27241	75000000
TSLA  		2023	02	24	192	500	C P 	1483	8621	75000000
TSLA  		2023	02	24	195	000	C P 	5226	10762	75000000
TSLA  		2023	02	24	197	500	C P 	2498	6095	75000000
TSLA  		2023	02	24	200	000	C P 	20030	18831	75000000
TSLA  		2023	02	24	202	500	C P 	10593	5298	75000000
TSLA  		2023	02	24	205	000	C P 	20630	9399	75000000
TSLA  		2023	02	24	207	500	C P 	10393	3962	75000000
TSLA  		2023	02	24	210	000	C P 	42153	7351	75000000
TSLA  		2023	02	24	212	500	C P 	8169	3445	75000000
TSLA  		2023	02	24	215	000	C P 	22914	6758	75000000
TSLA  		2023	02	24	217	500	C P 	6248	1905	75000000
TSLA  		2023	02	24	220	000	C P 	34873	2721	75000000
TSLA  		2023	02	24	222	500	C P 	7678	853	75000000
TSLA  		2023	02	24	225	000	C P 	24164	1380	75000000
TSLA  		2023	02	24	227	500	C P 	7202	514	75000000
TSLA  		2023	02	24	230	000	C P 	24667	2964	75000000
TSLA  		2023	02	24	232	500	C P 	4711	600	75000000
TSLA  		2023	02	24	235	000	C P 	6851	1584	75000000
TSLA  		2023	02	24	237	500	C P 	3171	729	75000000
TSLA  		2023	02	24	240	000	C P 	19594	2630	75000000
TSLA  		2023	02	24	242	500	C P 	3113	336	75000000
TSLA  		2023	02	24	245	000	C P 	6819	375	75000000
TSLA  		2023	02	24	247	500	C P 	3822	145	75000000
TSLA  		2023	02	24	250	000	C P 	12815	552	75000000
TSLA  		2023	02	24	252	500	C P 	1680	27	75000000
TSLA  		2023	02	24	255	000	C P 	5650	42	75000000
TSLA  		2023	02	24	257	500	C P 	4128	58	75000000
TSLA  		2023	02	24	260	000	C P 	12219	8	75000000
TSLA  		2023	02	24	262	500	C P 	2716	22	75000000
TSLA  		2023	02	24	265	000	C P 	5742	14	75000000
TSLA  		2023	02	24	267	500	C P 	3688	4	75000000
TSLA  		2023	02	24	270	000	C P 	6252	9	75000000
TSLA  		2023	02	24	272	500	C P 	735	0	75000000
TSLA  		2023	02	24	275	000	C P 	10148	9	75000000
TSLA  		2023	02	24	277	500	C P 	704	0	75000000
TSLA  		2023	02	24	280	000	C P 	4763	0	75000000
TSLA  		2023	02	24	282	500	C P 	302	4	75000000
TSLA  		2023	02	24	285	000	C P 	6666	0	75000000
TSLA  		2023	02	24	290	000	C P 	3576	1	75000000
TSLA  		2023	02	24	295	000	C P 	6304	0	75000000
TSLA  		2023	02	24	300	000	C P 	5104	13	75000000
TSLA  		2023	02	24	310	000	C P 	2663	0	75000000
TSLA  		2023	02	24	320	000	C P 	1679	0	75000000
TSLA  		2023	02	24	330	000	C P 	1458	0	75000000
TSLA  		2023	02	24	340	000	C P 	1516	0	75000000
TSLA  		2023	02	24	350	000	C P 	3035	0	75000000
TSLA  		2023	02	24	360	000	C P 	10120	0	75000000
TSLA  		2023	03	03	15	000	C P 	11	367	75000000
TSLA  		2023	03	03	20	000	C P 	1	0	75000000
TSLA  		2023	03	03	25	000	C P 	4	52	75000000
TSLA  		2023	03	03	30	000	C P 	5	340	75000000
TSLA  		2023	03	03	35	000	C P 	3	1	75000000
TSLA  		2023	03	03	40	000	C P 	0	10	75000000
TSLA  		2023	03	03	45	000	C P 	0	2457	75000000
TSLA  		2023	03	03	50	000	C P 	7	895	75000000
TSLA  		2023	03	03	55	000	C P 	0	165	75000000
TSLA  		2023	03	03	60	000	C P 	2	1118	75000000
TSLA  		2023	03	03	65	000	C P 	1	102	75000000
TSLA  		2023	03	03	70	000	C P 	2	996	75000000
TSLA  		2023	03	03	75	000	C P 	1	316	75000000
TSLA  		2023	03	03	80	000	C P 	112	2291	75000000
TSLA  		2023	03	03	85	000	C P 	4	583	75000000
TSLA  		2023	03	03	90	000	C P 	7	1413	75000000
TSLA  		2023	03	03	95	000	C P 	6	2004	75000000
TSLA  		2023	03	03	100	000	C P 	108	2231	75000000
TSLA  		2023	03	03	105	000	C P 	19	1071	75000000
TSLA  		2023	03	03	108	000	C P 	52	967	75000000
TSLA  		2023	03	03	109	000	C P 	34	725	75000000
TSLA  		2023	03	03	110	000	C P 	88	4013	75000000
TSLA  		2023	03	03	111	000	C P 	21	611	75000000
TSLA  		2023	03	03	112	000	C P 	49	646	75000000
TSLA  		2023	03	03	113	000	C P 	33	834	75000000
TSLA  		2023	03	03	114	000	C P 	154	638	75000000
TSLA  		2023	03	03	115	000	C P 	211	879	75000000
TSLA  		2023	03	03	116	000	C P 	189	609	75000000
TSLA  		2023	03	03	117	000	C P 	484	804	75000000
TSLA  		2023	03	03	118	000	C P 	315	807	75000000
TSLA  		2023	03	03	119	000	C P 	325	690	75000000
TSLA  		2023	03	03	120	000	C P 	942	2996	75000000
TSLA  		2023	03	03	121	000	C P 	93	764	75000000
TSLA  		2023	03	03	122	000	C P 	123	1251	75000000
TSLA  		2023	03	03	123	000	C P 	254	1754	75000000
TSLA  		2023	03	03	124	000	C P 	458	1540	75000000
TSLA  		2023	03	03	125	000	C P 	328	2770	75000000
TSLA  		2023	03	03	126	000	C P 	663	627	75000000
TSLA  		2023	03	03	127	000	C P 	434	347	75000000
TSLA  		2023	03	03	128	000	C P 	463	814	75000000
TSLA  		2023	03	03	129	000	C P 	653	1557	75000000
TSLA  		2023	03	03	130	000	C P 	695	4275	75000000
TSLA  		2023	03	03	131	000	C P 	325	811	75000000
TSLA  		2023	03	03	132	000	C P 	797	777	75000000
TSLA  		2023	03	03	133	000	C P 	574	1301	75000000
TSLA  		2023	03	03	134	000	C P 	609	1280	75000000
TSLA  		2023	03	03	135	000	C P 	889	2423	75000000
TSLA  		2023	03	03	136	000	C P 	114	142	75000000
TSLA  		2023	03	03	137	000	C P 	99	644	75000000
TSLA  		2023	03	03	138	000	C P 	141	1427	75000000
TSLA  		2023	03	03	139	000	C P 	115	387	75000000
TSLA  		2023	03	03	140	000	C P 	689	3532	75000000
TSLA  		2023	03	03	141	000	C P 	81	700	75000000
TSLA  		2023	03	03	142	000	C P 	305	408	75000000
TSLA  		2023	03	03	143	000	C P 	74	216	75000000
TSLA  		2023	03	03	144	000	C P 	28	3170	75000000
TSLA  		2023	03	03	145	000	C P 	716	3016	75000000
TSLA  		2023	03	03	146	000	C P 	66	1560	75000000
TSLA  		2023	03	03	147	000	C P 	44	293	75000000
TSLA  		2023	03	03	148	000	C P 	58	539	75000000
TSLA  		2023	03	03	149	000	C P 	324	1897	75000000
TSLA  		2023	03	03	150	000	C P 	1109	12437	75000000
TSLA  		2023	03	03	152	500	C P 	190	2177	75000000
TSLA  		2023	03	03	155	000	C P 	1831	1598	75000000
TSLA  		2023	03	03	157	500	C P 	202	1736	75000000
TSLA  		2023	03	03	160	000	C P 	1412	11080	75000000
TSLA  		2023	03	03	162	500	C P 	416	2813	75000000
TSLA  		2023	03	03	165	000	C P 	1921	3422	75000000
TSLA  		2023	03	03	167	500	C P 	277	2104	75000000
TSLA  		2023	03	03	170	000	C P 	2867	6538	75000000
TSLA  		2023	03	03	172	500	C P 	1361	1444	75000000
TSLA  		2023	03	03	175	000	C P 	1412	4225	75000000
TSLA  		2023	03	03	177	500	C P 	641	848	75000000
TSLA  		2023	03	03	180	000	C P 	3053	5397	75000000
TSLA  		2023	03	03	182	500	C P 	445	1449	75000000
TSLA  		2023	03	03	185	000	C P 	2124	4757	75000000
TSLA  		2023	03	03	187	500	C P 	1560	1062	75000000
TSLA  		2023	03	03	190	000	C P 	3500	7617	75000000
TSLA  		2023	03	03	192	500	C P 	1334	1703	75000000
TSLA  		2023	03	03	195	000	C P 	3224	3356	75000000
TSLA  		2023	03	03	197	500	C P 	2428	1890	75000000
TSLA  		2023	03	03	200	000	C P 	22423	6290	75000000
TSLA  		2023	03	03	202	500	C P 	5048	1962	75000000
TSLA  		2023	03	03	205	000	C P 	6438	2310	75000000
TSLA  		2023	03	03	207	500	C P 	2933	1842	75000000
TSLA  		2023	03	03	210	000	C P 	16392	5841	75000000
TSLA  		2023	03	03	212	500	C P 	2259	1098	75000000
TSLA  		2023	03	03	215	000	C P 	6005	1377	75000000
TSLA  		2023	03	03	217	500	C P 	2089	953	75000000
TSLA  		2023	03	03	220	000	C P 	27314	1347	75000000
TSLA  		2023	03	03	222	500	C P 	1745	209	75000000
TSLA  		2023	03	03	225	000	C P 	7948	229	75000000
TSLA  		2023	03	03	227	500	C P 	1112	105	75000000
TSLA  		2023	03	03	230	000	C P 	9460	482	75000000
TSLA  		2023	03	03	232	500	C P 	852	233	75000000
TSLA  		2023	03	03	235	000	C P 	2936	552	75000000
TSLA  		2023	03	03	237	500	C P 	715	157	75000000
TSLA  		2023	03	03	240	000	C P 	7181	861	75000000
TSLA  		2023	03	03	242	500	C P 	389	70	75000000
TSLA  		2023	03	03	245	000	C P 	4515	265	75000000
TSLA  		2023	03	03	247	500	C P 	471	69	75000000
TSLA  		2023	03	03	250	000	C P 	9666	239	75000000
TSLA  		2023	03	03	252	500	C P 	279	60	75000000
TSLA  		2023	03	03	255	000	C P 	4237	55	75000000
TSLA  		2023	03	03	257	500	C P 	172	52	75000000
TSLA  		2023	03	03	260	000	C P 	3066	132	75000000
TSLA  		2023	03	03	262	500	C P 	290	93	75000000
TSLA  		2023	03	03	265	000	C P 	4141	176	75000000
TSLA  		2023	03	03	267	500	C P 	161	199	75000000
TSLA  		2023	03	03	270	000	C P 	4430	361	75000000
TSLA  		2023	03	03	275	000	C P 	4353	354	75000000
TSLA  		2023	03	03	280	000	C P 	2502	147	75000000
TSLA  		2023	03	03	285	000	C P 	2412	75	75000000
TSLA  		2023	03	03	290	000	C P 	3209	8	75000000
TSLA  		2023	03	03	295	000	C P 	2256	1	75000000
TSLA  		2023	03	03	300	000	C P 	9417	27	75000000
TSLA  		2023	03	03	305	000	C P 	1092	0	75000000
TSLA  		2023	03	03	310	000	C P 	1484	0	75000000
TSLA  		2023	03	03	315	000	C P 	2090	0	75000000
TSLA  		2023	03	03	320	000	C P 	4941	5	75000000
TSLA  		2023	03	03	325	000	C P 	3098	0	75000000
TSLA  		2023	03	03	330	000	C P 	3396	0	75000000
TSLA  		2023	03	03	335	000	C P 	1061	0	75000000
TSLA  		2023	03	03	340	000	C P 	7038	0	75000000
TSLA  		2023	03	03	345	000	C P 	99	0	75000000
TSLA  		2023	03	03	350	000	C P 	1068	1	75000000
TSLA  		2023	03	03	360	000	C P 	3472	0	75000000
TSLA  		2023	03	10	15	000	C P 	3	100	75000000
TSLA  		2023	03	10	20	000	C P 	3	25	75000000
TSLA  		2023	03	10	25	000	C P 	0	0	75000000
TSLA  		2023	03	10	30	000	C P 	3	2	75000000
TSLA  		2023	03	10	35	000	C P 	0	0	75000000
TSLA  		2023	03	10	40	000	C P 	0	10	75000000
TSLA  		2023	03	10	45	000	C P 	0	65	75000000
TSLA  		2023	03	10	50	000	C P 	5	927	75000000
TSLA  		2023	03	10	55	000	C P 	1	1209	75000000
TSLA  		2023	03	10	60	000	C P 	0	42	75000000
TSLA  		2023	03	10	65	000	C P 	50	23	75000000
TSLA  		2023	03	10	70	000	C P 	0	129	75000000
TSLA  		2023	03	10	75	000	C P 	0	510	75000000
TSLA  		2023	03	10	80	000	C P 	0	338	75000000
TSLA  		2023	03	10	85	000	C P 	0	96	75000000
TSLA  		2023	03	10	90	000	C P 	0	316	75000000
TSLA  		2023	03	10	95	000	C P 	11	588	75000000
TSLA  		2023	03	10	100	000	C P 	23	812	75000000
TSLA  		2023	03	10	105	000	C P 	6	487	75000000
TSLA  		2023	03	10	110	000	C P 	22	928	75000000
TSLA  		2023	03	10	115	000	C P 	24	695	75000000
TSLA  		2023	03	10	120	000	C P 	51	1598	75000000
TSLA  		2023	03	10	125	000	C P 	20	878	75000000
TSLA  		2023	03	10	130	000	C P 	90	707	75000000
TSLA  		2023	03	10	134	000	C P 	25	195	75000000
TSLA  		2023	03	10	135	000	C P 	40	657	75000000
TSLA  		2023	03	10	136	000	C P 	55	199	75000000
TSLA  		2023	03	10	137	000	C P 	8	93	75000000
TSLA  		2023	03	10	138	000	C P 	16	110	75000000
TSLA  		2023	03	10	139	000	C P 	4	134	75000000
TSLA  		2023	03	10	140	000	C P 	73	1269	75000000
TSLA  		2023	03	10	141	000	C P 	143	458	75000000
TSLA  		2023	03	10	142	000	C P 	27	240	75000000
TSLA  		2023	03	10	143	000	C P 	21	320	75000000
TSLA  		2023	03	10	144	000	C P 	17	75	75000000
TSLA  		2023	03	10	145	000	C P 	107	448	75000000
TSLA  		2023	03	10	146	000	C P 	45	146	75000000
TSLA  		2023	03	10	147	000	C P 	99	153	75000000
TSLA  		2023	03	10	148	000	C P 	98	799	75000000
TSLA  		2023	03	10	149	000	C P 	22	248	75000000
TSLA  		2023	03	10	150	000	C P 	258	1620	75000000
TSLA  		2023	03	10	152	500	C P 	145	425	75000000
TSLA  		2023	03	10	155	000	C P 	627	765	75000000
TSLA  		2023	03	10	157	500	C P 	114	429	75000000
TSLA  		2023	03	10	160	000	C P 	272	1296	75000000
TSLA  		2023	03	10	162	500	C P 	147	572	75000000
TSLA  		2023	03	10	165	000	C P 	304	1837	75000000
TSLA  		2023	03	10	167	500	C P 	568	564	75000000
TSLA  		2023	03	10	170	000	C P 	455	2530	75000000
TSLA  		2023	03	10	172	500	C P 	289	602	75000000
TSLA  		2023	03	10	175	000	C P 	384	1302	75000000
TSLA  		2023	03	10	177	500	C P 	1889	875	75000000
TSLA  		2023	03	10	180	000	C P 	764	3237	75000000
TSLA  		2023	03	10	182	500	C P 	243	490	75000000
TSLA  		2023	03	10	185	000	C P 	619	1232	75000000
TSLA  		2023	03	10	187	500	C P 	1286	351	75000000
TSLA  		2023	03	10	190	000	C P 	1665	2400	75000000
TSLA  		2023	03	10	192	500	C P 	810	615	75000000
TSLA  		2023	03	10	195	000	C P 	1124	5450	75000000
TSLA  		2023	03	10	197	500	C P 	612	1061	75000000
TSLA  		2023	03	10	200	000	C P 	2395	1781	75000000
TSLA  		2023	03	10	202	500	C P 	1554	1105	75000000
TSLA  		2023	03	10	205	000	C P 	1561	1844	75000000
TSLA  		2023	03	10	207	500	C P 	912	749	75000000
TSLA  		2023	03	10	210	000	C P 	2972	1085	75000000
TSLA  		2023	03	10	212	500	C P 	1088	599	75000000
TSLA  		2023	03	10	215	000	C P 	1996	2083	75000000
TSLA  		2023	03	10	217	500	C P 	444	214	75000000
TSLA  		2023	03	10	220	000	C P 	2869	209	75000000
TSLA  		2023	03	10	222	500	C P 	484	119	75000000
TSLA  		2023	03	10	225	000	C P 	1475	143	75000000
TSLA  		2023	03	10	227	500	C P 	53	0	75000000
TSLA  		2023	03	10	230	000	C P 	1965	139	75000000
TSLA  		2023	03	10	235	000	C P 	944	43	75000000
TSLA  		2023	03	10	240	000	C P 	1439	16	75000000
TSLA  		2023	03	10	245	000	C P 	834	58	75000000
TSLA  		2023	03	10	250	000	C P 	3737	225	75000000
TSLA  		2023	03	10	255	000	C P 	514	4	75000000
TSLA  		2023	03	10	260	000	C P 	1494	65	75000000
TSLA  		2023	03	10	265	000	C P 	3828	3	75000000
TSLA  		2023	03	10	270	000	C P 	810	5	75000000
TSLA  		2023	03	10	275	000	C P 	679	5	75000000
TSLA  		2023	03	10	280	000	C P 	2052	7	75000000
TSLA  		2023	03	10	285	000	C P 	824	0	75000000
TSLA  		2023	03	10	290	000	C P 	635	3	75000000
TSLA  		2023	03	10	295	000	C P 	546	1	75000000
TSLA  		2023	03	10	300	000	C P 	2940	1	75000000
TSLA  		2023	03	10	310	000	C P 	2727	5	75000000
TSLA  		2023	03	10	320	000	C P 	2696	1	75000000
TSLA  		2023	03	10	330	000	C P 	478	0	75000000
TSLA  		2023	03	10	340	000	C P 	502	0	75000000
TSLA  		2023	03	10	350	000	C P 	832	0	75000000
TSLA  		2023	03	10	360	000	C P 	1215	0	75000000
TSLA  		2023	03	17	1	670	C P 	50	24731	75000000
TSLA  		2023	03	17	3	330	C P 	29	6941	75000000
TSLA  		2023	03	17	5	000	C P 	2	8008	75000000
TSLA  		2023	03	17	6	670	C P 	58	4669	75000000
TSLA  		2023	03	17	8	330	C P 	3	1379	75000000
TSLA  		2023	03	17	10	000	C P 	838	4105	75000000
TSLA  		2023	03	17	11	670	C P 	1692	5414	75000000
TSLA  		2023	03	17	13	330	C P 	1657	2125	75000000
TSLA  		2023	03	17	15	000	C P 	987	5169	75000000
TSLA  		2023	03	17	16	670	C P 	863	15329	75000000
TSLA  		2023	03	17	18	330	C P 	466	12017	75000000
TSLA  		2023	03	17	33	330	C P 	454	33619	75000000
TSLA  		2023	03	17	50	000	C P 	742	25142	75000000
TSLA  		2023	03	17	55	000	C P 	34	10792	75000000
TSLA  		2023	03	17	60	000	C P 	182	9795	75000000
TSLA  		2023	03	17	65	000	C P 	25	3841	75000000
TSLA  		2023	03	17	66	670	C P 	883	18642	75000000
TSLA  		2023	03	17	70	000	C P 	49	8151	75000000
TSLA  		2023	03	17	75	000	C P 	54	5399	75000000
TSLA  		2023	03	17	80	000	C P 	208	11823	75000000
TSLA  		2023	03	17	83	330	C P 	886	5179	75000000
TSLA  		2023	03	17	85	000	C P 	90	3602	75000000
TSLA  		2023	03	17	90	000	C P 	663	15985	75000000
TSLA  		2023	03	17	95	000	C P 	337	3285	75000000
TSLA  		2023	03	17	100	000	C P 	1827	38928	75000000
TSLA  		2023	03	17	105	000	C P 	1403	4591	75000000
TSLA  		2023	03	17	110	000	C P 	2708	13978	75000000
TSLA  		2023	03	17	115	000	C P 	3392	9692	75000000
TSLA  		2023	03	17	116	670	C P 	1371	10953	75000000
TSLA  		2023	03	17	120	000	C P 	12419	25952	75000000
TSLA  		2023	03	17	123	330	C P 	2747	6732	75000000
TSLA  		2023	03	17	125	000	C P 	3562	12219	75000000
TSLA  		2023	03	17	126	670	C P 	1686	6005	75000000
TSLA  		2023	03	17	130	000	C P 	7382	11244	75000000
TSLA  		2023	03	17	133	330	C P 	3431	9745	75000000
TSLA  		2023	03	17	135	000	C P 	27621	34198	75000000
TSLA  		2023	03	17	136	670	C P 	3043	3650	75000000
TSLA  		2023	03	17	140	000	C P 	6998	28774	75000000
TSLA  		2023	03	17	143	330	C P 	2428	4730	75000000
TSLA  		2023	03	17	145	000	C P 	3815	8226	75000000
TSLA  		2023	03	17	146	670	C P 	1891	4267	75000000
TSLA  		2023	03	17	150	000	C P 	13087	28689	75000000
TSLA  		2023	03	17	153	330	C P 	1680	2873	75000000
TSLA  		2023	03	17	155	000	C P 	4902	6224	75000000
TSLA  		2023	03	17	156	670	C P 	2242	3513	75000000
TSLA  		2023	03	17	160	000	C P 	7791	26614	75000000
TSLA  		2023	03	17	163	330	C P 	3070	5869	75000000
TSLA  		2023	03	17	165	000	C P 	7013	7285	75000000
TSLA  		2023	03	17	166	670	C P 	6293	12029	75000000
TSLA  		2023	03	17	170	000	C P 	11733	23345	75000000
TSLA  		2023	03	17	172	500	C P 	5	122	75000000
TSLA  		2023	03	17	173	330	C P 	3216	12402	75000000
TSLA  		2023	03	17	175	000	C P 	4886	9998	75000000
TSLA  		2023	03	17	176	670	C P 	5206	3584	75000000
TSLA  		2023	03	17	177	500	C P 	8	63	75000000
TSLA  		2023	03	17	180	000	C P 	20216	25194	75000000
TSLA  		2023	03	17	182	500	C P 	6	37	75000000
TSLA  		2023	03	17	183	330	C P 	3362	8214	75000000
TSLA  		2023	03	17	185	000	C P 	3346	6609	75000000
TSLA  		2023	03	17	186	670	C P 	2721	4623	75000000
TSLA  		2023	03	17	187	500	C P 	3	293	75000000
TSLA  		2023	03	17	190	000	C P 	17019	24123	75000000
TSLA  		2023	03	17	192	500	C P 	67	100	75000000
TSLA  		2023	03	17	193	330	C P 	1953	2605	75000000
TSLA  		2023	03	17	195	000	C P 	13760	13717	75000000
TSLA  		2023	03	17	196	670	C P 	2771	3455	75000000
TSLA  		2023	03	17	197	500	C P 	131	334	75000000
TSLA  		2023	03	17	198	330	C P 	4001	3019	75000000
TSLA  		2023	03	17	200	000	C P 	44783	40359	75000000
TSLA  		2023	03	17	201	670	C P 	4837	2603	75000000
TSLA  		2023	03	17	202	500	C P 	631	181	75000000
TSLA  		2023	03	17	203	330	C P 	3210	3076	75000000
TSLA  		2023	03	17	205	000	C P 	4567	4392	75000000
TSLA  		2023	03	17	206	670	C P 	2975	2987	75000000
TSLA  		2023	03	17	207	500	C P 	223	97	75000000
TSLA  		2023	03	17	208	330	C P 	2803	1466	75000000
TSLA  		2023	03	17	210	000	C P 	12424	6171	75000000
TSLA  		2023	03	17	211	670	C P 	2308	868	75000000
TSLA  		2023	03	17	212	500	C P 	80	93	75000000
TSLA  		2023	03	17	213	330	C P 	2115	1158	75000000
TSLA  		2023	03	17	215	000	C P 	14523	6659	75000000
TSLA  		2023	03	17	216	670	C P 	4870	2907	75000000
TSLA  		2023	03	17	217	500	C P 	106	14	75000000
TSLA  		2023	03	17	218	330	C P 	1767	4886	75000000
TSLA  		2023	03	17	220	000	C P 	17648	1968	75000000
TSLA  		2023	03	17	221	670	C P 	1692	369	75000000
TSLA  		2023	03	17	222	500	C P 	261	8	75000000
TSLA  		2023	03	17	223	330	C P 	1405	388	75000000
TSLA  		2023	03	17	225	000	C P 	5433	1785	75000000
TSLA  		2023	03	17	226	670	C P 	2624	233	75000000
TSLA  		2023	03	17	227	500	C P 	46	8	75000000
TSLA  		2023	03	17	228	330	C P 	5139	89	75000000
TSLA  		2023	03	17	230	000	C P 	9935	1866	75000000
TSLA  		2023	03	17	231	670	C P 	1521	110	75000000
TSLA  		2023	03	17	233	330	C P 	6835	438	75000000
TSLA  		2023	03	17	235	000	C P 	9514	123	75000000
TSLA  		2023	03	17	236	670	C P 	1315	88	75000000
TSLA  		2023	03	17	238	330	C P 	1139	113	75000000
TSLA  		2023	03	17	240	000	C P 	8787	381	75000000
TSLA  		2023	03	17	241	670	C P 	1188	66	75000000
TSLA  		2023	03	17	243	330	C P 	1531	415	75000000
TSLA  		2023	03	17	245	000	C P 	2578	43	75000000
TSLA  		2023	03	17	246	670	C P 	1326	32	75000000
TSLA  		2023	03	17	248	330	C P 	1289	35	75000000
TSLA  		2023	03	17	250	000	C P 	26176	2099	75000000
TSLA  		2023	03	17	251	670	C P 	1508	65	75000000
TSLA  		2023	03	17	253	330	C P 	784	55	75000000
TSLA  		2023	03	17	255	000	C P 	5081	81	75000000
TSLA  		2023	03	17	256	670	C P 	785	21	75000000
TSLA  		2023	03	17	258	330	C P 	1008	27	75000000
TSLA  		2023	03	17	260	000	C P 	10337	1410	75000000
TSLA  		2023	03	17	261	670	C P 	1621	12	75000000
TSLA  		2023	03	17	263	330	C P 	1105	66	75000000
TSLA  		2023	03	17	265	000	C P 	2950	33	75000000
TSLA  		2023	03	17	266	670	C P 	10975	392	75000000
TSLA  		2023	03	17	270	000	C P 	5574	44	75000000
TSLA  		2023	03	17	273	330	C P 	3866	84	75000000
TSLA  		2023	03	17	275	000	C P 	1027	15	75000000
TSLA  		2023	03	17	276	670	C P 	1580	42	75000000
TSLA  		2023	03	17	280	000	C P 	4048	142	75000000
TSLA  		2023	03	17	283	330	C P 	6762	53	75000000
TSLA  		2023	03	17	285	000	C P 	1189	20	75000000
TSLA  		2023	03	17	286	670	C P 	2060	46	75000000
TSLA  		2023	03	17	290	000	C P 	3678	75	75000000
TSLA  		2023	03	17	293	330	C P 	7352	353	75000000
TSLA  		2023	03	17	295	000	C P 	2934	16	75000000
TSLA  		2023	03	17	296	670	C P 	959	24	75000000
TSLA  		2023	03	17	298	330	C P 	1120	29	75000000
TSLA  		2023	03	17	300	000	C P 	73699	470	75000000
TSLA  		2023	03	17	301	670	C P 	1622	39	75000000
TSLA  		2023	03	17	303	330	C P 	1464	11	75000000
TSLA  		2023	03	17	305	000	C P 	2656	38	75000000
TSLA  		2023	03	17	306	670	C P 	2007	36	75000000
TSLA  		2023	03	17	308	330	C P 	3530	20	75000000
TSLA  		2023	03	17	310	000	C P 	4399	44	75000000
TSLA  		2023	03	17	311	670	C P 	2110	12	75000000
TSLA  		2023	03	17	313	330	C P 	2557	21	75000000
TSLA  		2023	03	17	316	670	C P 	29639	32	75000000
TSLA  		2023	03	17	320	000	C P 	15211	216	75000000
TSLA  		2023	03	17	323	330	C P 	458	5	75000000
TSLA  		2023	03	17	326	670	C P 	585	0	75000000
TSLA  		2023	03	17	330	000	C P 	3382	1	75000000
TSLA  		2023	03	17	333	330	C P 	20494	25	75000000
TSLA  		2023	03	17	336	670	C P 	827	0	75000000
TSLA  		2023	03	17	340	000	C P 	5889	0	75000000
TSLA  		2023	03	17	343	330	C P 	1928	0	75000000
TSLA  		2023	03	17	346	670	C P 	626	0	75000000
TSLA  		2023	03	17	350	000	C P 	11407	3	75000000
TSLA  		2023	03	17	353	330	C P 	1458	0	75000000
TSLA  		2023	03	17	356	670	C P 	745	0	75000000
TSLA  		2023	03	17	360	000	C P 	18779	0	75000000
TSLA  		2023	03	17	363	330	C P 	568	0	75000000
TSLA  		2023	03	17	366	670	C P 	7749	0	75000000
TSLA  		2023	03	17	370	000	C P 	1425	0	75000000
TSLA  		2023	03	17	373	330	C P 	688	0	75000000
TSLA  		2023	03	17	383	330	C P 	12775	0	75000000
TSLA  		2023	03	17	400	000	C P 	36863	0	75000000
TSLA  		2023	03	17	416	670	C P 	13204	0	75000000
TSLA  		2023	03	17	433	330	C P 	19822	0	75000000
TSLA  		2023	03	17	441	670	C P 	2040	0	75000000
TSLA  		2023	03	17	450	000	C P 	5845	0	75000000
TSLA  		2023	03	17	458	330	C P 	2544	0	75000000
TSLA  		2023	03	17	466	670	C P 	2897	4	75000000
TSLA  		2023	03	17	475	000	C P 	3846	0	75000000
TSLA  		2023	03	17	483	330	C P 	1983	0	75000000
TSLA  		2023	03	17	491	670	C P 	2507	0	75000000
TSLA  		2023	03	17	500	000	C P 	14188	6	75000000
TSLA  		2023	03	17	508	330	C P 	3637	0	75000000
TSLA  		2023	03	17	516	670	C P 	1230	0	75000000
TSLA  		2023	03	17	525	000	C P 	4894	0	75000000
TSLA  		2023	03	17	533	330	C P 	4743	0	75000000
TSLA  		2023	03	17	541	670	C P 	1102	0	75000000
TSLA  		2023	03	17	550	000	C P 	5040	0	75000000
TSLA  		2023	03	17	558	330	C P 	3801	0	75000000
TSLA  		2023	03	17	566	670	C P 	7724	0	75000000
TSLA  		2023	03	17	575	000	C P 	11867	0	75000000
TSLA  		2023	03	17	583	330	C P 	2663	0	75000000
TSLA  		2023	03	17	591	670	C P 	1109	0	75000000
TSLA  		2023	03	17	600	000	C P 	5758	0	75000000
TSLA  		2023	03	17	608	330	C P 	581	0	75000000
TSLA  		2023	03	17	616	670	C P 	3998	0	75000000
TSLA  		2023	03	17	625	000	C P 	1050	0	75000000
TSLA  		2023	03	17	633	330	C P 	2372	0	75000000
TSLA  		2023	03	17	641	670	C P 	1634	0	75000000
TSLA  		2023	03	17	650	000	C P 	9133	0	75000000
TSLA  		2023	03	17	666	670	C P 	70958	0	75000000
TSLA  		2023	03	17	675	000	C P 	21633	0	75000000
TSLA  		2023	03	17	683	330	C P 	4041	0	75000000
TSLA  		2023	03	17	691	670	C P 	1388	0	75000000
TSLA  		2023	03	17	700	000	C P 	4724	0	75000000
TSLA  		2023	03	17	708	330	C P 	602	0	75000000
TSLA  		2023	03	17	716	670	C P 	783	0	75000000
TSLA  		2023	03	17	725	000	C P 	1042	0	75000000
TSLA  		2023	03	17	733	330	C P 	1614	0	75000000
TSLA  		2023	03	17	741	670	C P 	756	0	75000000
TSLA  		2023	03	17	750	000	C P 	754	0	75000000
TSLA  		2023	03	17	758	330	C P 	1235	0	75000000
TSLA  		2023	03	17	766	670	C P 	1260	0	75000000
TSLA  		2023	03	17	775	000	C P 	849	0	75000000
TSLA  		2023	03	17	783	330	C P 	1306	0	75000000
TSLA  		2023	03	17	791	670	C P 	1448	0	75000000
TSLA  		2023	03	17	800	000	C P 	5380	0	75000000
TSLA  		2023	03	17	808	330	C P 	1842	0	75000000
TSLA  		2023	03	17	816	670	C P 	2608	0	75000000
TSLA  		2023	03	17	825	000	C P 	60250	0	75000000
TSLA  		2023	03	24	20	000	C P 	6	122	75000000
TSLA  		2023	03	24	25	000	C P 	0	0	75000000
TSLA  		2023	03	24	30	000	C P 	0	10	75000000
TSLA  		2023	03	24	35	000	C P 	0	0	75000000
TSLA  		2023	03	24	40	000	C P 	0	0	75000000
TSLA  		2023	03	24	45	000	C P 	0	1	75000000
TSLA  		2023	03	24	50	000	C P 	21	1543	75000000
TSLA  		2023	03	24	55	000	C P 	3	0	75000000
TSLA  		2023	03	24	60	000	C P 	0	29	75000000
TSLA  		2023	03	24	65	000	C P 	0	15	75000000
TSLA  		2023	03	24	70	000	C P 	0	26	75000000
TSLA  		2023	03	24	75	000	C P 	0	46	75000000
TSLA  		2023	03	24	80	000	C P 	0	80	75000000
TSLA  		2023	03	24	85	000	C P 	1	29	75000000
TSLA  		2023	03	24	90	000	C P 	0	34	75000000
TSLA  		2023	03	24	95	000	C P 	0	82	75000000
TSLA  		2023	03	24	100	000	C P 	12	391	75000000
TSLA  		2023	03	24	105	000	C P 	10	151	75000000
TSLA  		2023	03	24	110	000	C P 	6	147	75000000
TSLA  		2023	03	24	115	000	C P 	2	128	75000000
TSLA  		2023	03	24	120	000	C P 	2	743	75000000
TSLA  		2023	03	24	125	000	C P 	8	1184	75000000
TSLA  		2023	03	24	130	000	C P 	174	400	75000000
TSLA  		2023	03	24	135	000	C P 	38	514	75000000
TSLA  		2023	03	24	140	000	C P 	28	1020	75000000
TSLA  		2023	03	24	145	000	C P 	54	415	75000000
TSLA  		2023	03	24	146	000	C P 	11	53	75000000
TSLA  		2023	03	24	147	000	C P 	88	44	75000000
TSLA  		2023	03	24	148	000	C P 	77	98	75000000
TSLA  		2023	03	24	149	000	C P 	62	87	75000000
TSLA  		2023	03	24	150	000	C P 	73	911	75000000
TSLA  		2023	03	24	152	500	C P 	26	173	75000000
TSLA  		2023	03	24	155	000	C P 	486	687	75000000
TSLA  		2023	03	24	157	500	C P 	73	441	75000000
TSLA  		2023	03	24	160	000	C P 	107	674	75000000
TSLA  		2023	03	24	162	500	C P 	43	143	75000000
TSLA  		2023	03	24	165	000	C P 	103	718	75000000
TSLA  		2023	03	24	167	500	C P 	17	533	75000000
TSLA  		2023	03	24	170	000	C P 	194	1148	75000000
TSLA  		2023	03	24	172	500	C P 	61	312	75000000
TSLA  		2023	03	24	175	000	C P 	159	1487	75000000
TSLA  		2023	03	24	177	500	C P 	81	484	75000000
TSLA  		2023	03	24	180	000	C P 	300	1072	75000000
TSLA  		2023	03	24	182	500	C P 	38	166	75000000
TSLA  		2023	03	24	185	000	C P 	110	639	75000000
TSLA  		2023	03	24	187	500	C P 	143	137	75000000
TSLA  		2023	03	24	190	000	C P 	695	946	75000000
TSLA  		2023	03	24	192	500	C P 	85	223	75000000
TSLA  		2023	03	24	195	000	C P 	523	499	75000000
TSLA  		2023	03	24	197	500	C P 	1161	190	75000000
TSLA  		2023	03	24	200	000	C P 	2679	1969	75000000
TSLA  		2023	03	24	202	500	C P 	928	162	75000000
TSLA  		2023	03	24	205	000	C P 	1505	243	75000000
TSLA  		2023	03	24	207	500	C P 	399	146	75000000
TSLA  		2023	03	24	210	000	C P 	2745	438	75000000
TSLA  		2023	03	24	212	500	C P 	588	936	75000000
TSLA  		2023	03	24	215	000	C P 	1210	524	75000000
TSLA  		2023	03	24	217	500	C P 	257	60	75000000
TSLA  		2023	03	24	220	000	C P 	2129	853	75000000
TSLA  		2023	03	24	222	500	C P 	311	80	75000000
TSLA  		2023	03	24	225	000	C P 	589	112	75000000
TSLA  		2023	03	24	230	000	C P 	978	225	75000000
TSLA  		2023	03	24	235	000	C P 	624	114	75000000
TSLA  		2023	03	24	240	000	C P 	270	141	75000000
TSLA  		2023	03	24	245	000	C P 	576	20	75000000
TSLA  		2023	03	24	250	000	C P 	1497	51	75000000
TSLA  		2023	03	24	255	000	C P 	354	21	75000000
TSLA  		2023	03	24	260	000	C P 	876	16	75000000
TSLA  		2023	03	24	265	000	C P 	407	1	75000000
TSLA  		2023	03	24	270	000	C P 	649	4	75000000
TSLA  		2023	03	24	275	000	C P 	309	3	75000000
TSLA  		2023	03	24	280	000	C P 	374	0	75000000
TSLA  		2023	03	24	285	000	C P 	324	0	75000000
TSLA  		2023	03	24	290	000	C P 	294	0	75000000
TSLA  		2023	03	24	295	000	C P 	97	0	75000000
TSLA  		2023	03	24	300	000	C P 	849	7	75000000
TSLA  		2023	03	24	310	000	C P 	281	0	75000000
TSLA  		2023	03	24	320	000	C P 	348	1	75000000
TSLA  		2023	03	24	330	000	C P 	161	1	75000000
TSLA  		2023	03	24	340	000	C P 	356	0	75000000
TSLA  		2023	03	24	350	000	C P 	469	0	75000000
TSLA  		2023	03	24	360	000	C P 	755	0	75000000
TSLA  		2023	03	31	25	000	C P 	3	0	75000000
TSLA  		2023	03	31	30	000	C P 	0	0	75000000
TSLA  		2023	03	31	35	000	C P 	0	1	75000000
TSLA  		2023	03	31	40	000	C P 	0	5	75000000
TSLA  		2023	03	31	45	000	C P 	0	2	75000000
TSLA  		2023	03	31	50	000	C P 	0	6	75000000
TSLA  		2023	03	31	55	000	C P 	0	0	75000000
TSLA  		2023	03	31	60	000	C P 	0	26	75000000
TSLA  		2023	03	31	65	000	C P 	0	9	75000000
TSLA  		2023	03	31	70	000	C P 	0	20	75000000
TSLA  		2023	03	31	75	000	C P 	0	13	75000000
TSLA  		2023	03	31	80	000	C P 	4	49	75000000
TSLA  		2023	03	31	85	000	C P 	37	8	75000000
TSLA  		2023	03	31	90	000	C P 	0	61	75000000
TSLA  		2023	03	31	95	000	C P 	0	186	75000000
TSLA  		2023	03	31	100	000	C P 	2	456	75000000
TSLA  		2023	03	31	105	000	C P 	2	182	75000000
TSLA  		2023	03	31	110	000	C P 	1	279	75000000
TSLA  		2023	03	31	115	000	C P 	7	340	75000000
TSLA  		2023	03	31	120	000	C P 	26	202	75000000
TSLA  		2023	03	31	125	000	C P 	51	151	75000000
TSLA  		2023	03	31	130	000	C P 	15	226	75000000
TSLA  		2023	03	31	135	000	C P 	11	305	75000000
TSLA  		2023	03	31	140	000	C P 	44	389	75000000
TSLA  		2023	03	31	145	000	C P 	54	365	75000000
TSLA  		2023	03	31	150	000	C P 	161	794	75000000
TSLA  		2023	03	31	155	000	C P 	341	175	75000000
TSLA  		2023	03	31	160	000	C P 	80	528	75000000
TSLA  		2023	03	31	165	000	C P 	57	397	75000000
TSLA  		2023	03	31	170	000	C P 	45	1026	75000000
TSLA  		2023	03	31	172	500	C P 	13	791	75000000
TSLA  		2023	03	31	175	000	C P 	49	547	75000000
TSLA  		2023	03	31	177	500	C P 	214	102	75000000
TSLA  		2023	03	31	180	000	C P 	420	828	75000000
TSLA  		2023	03	31	182	500	C P 	14	182	75000000
TSLA  		2023	03	31	185	000	C P 	53	156	75000000
TSLA  		2023	03	31	187	500	C P 	80	91	75000000
TSLA  		2023	03	31	190	000	C P 	221	894	75000000
TSLA  		2023	03	31	192	500	C P 	106	101	75000000
TSLA  		2023	03	31	195	000	C P 	175	5249	75000000
TSLA  		2023	03	31	197	500	C P 	125	224	75000000
TSLA  		2023	03	31	200	000	C P 	549	745	75000000
TSLA  		2023	03	31	202	500	C P 	1928	421	75000000
TSLA  		2023	03	31	205	000	C P 	712	936	75000000
TSLA  		2023	03	31	207	500	C P 	391	170	75000000
TSLA  		2023	03	31	210	000	C P 	1471	417	75000000
TSLA  		2023	03	31	212	500	C P 	393	107	75000000
TSLA  		2023	03	31	215	000	C P 	610	166	75000000
TSLA  		2023	03	31	217	500	C P 	265	67	75000000
TSLA  		2023	03	31	220	000	C P 	1223	76	75000000
TSLA  		2023	03	31	222	500	C P 	114	14	75000000
TSLA  		2023	03	31	225	000	C P 	612	10	75000000
TSLA  		2023	03	31	230	000	C P 	1349	24	75000000
TSLA  		2023	03	31	235	000	C P 	414	23	75000000
TSLA  		2023	03	31	240	000	C P 	961	2	75000000
TSLA  		2023	03	31	245	000	C P 	361	30	75000000
TSLA  		2023	03	31	250	000	C P 	1217	3	75000000
TSLA  		2023	03	31	255	000	C P 	308	2	75000000
TSLA  		2023	03	31	260	000	C P 	415	13	75000000
TSLA  		2023	03	31	265	000	C P 	182	10	75000000
TSLA  		2023	03	31	270	000	C P 	370	13	75000000
TSLA  		2023	03	31	275	000	C P 	459	3	75000000
TSLA  		2023	03	31	280	000	C P 	599	2	75000000
TSLA  		2023	03	31	285	000	C P 	346	0	75000000
TSLA  		2023	03	31	290	000	C P 	266	0	75000000
TSLA  		2023	03	31	295	000	C P 	188	25	75000000
TSLA  		2023	03	31	300	000	C P 	757	25	75000000
TSLA  		2023	03	31	310	000	C P 	302	1	75000000
TSLA  		2023	03	31	320	000	C P 	93	4	75000000
TSLA  		2023	03	31	330	000	C P 	137	0	75000000
TSLA  		2023	03	31	340	000	C P 	127	0	75000000
TSLA  		2023	03	31	350	000	C P 	132	0	75000000
TSLA  		2023	03	31	360	000	C P 	463	0	75000000
TSLA  		2023	04	21	5	000	C P 	14	101	75000000
TSLA  		2023	04	21	10	000	C P 	0	8	75000000
TSLA  		2023	04	21	15	000	C P 	0	41	75000000
TSLA  		2023	04	21	20	000	C P 	4	345	75000000
TSLA  		2023	04	21	25	000	C P 	7	2494	75000000
TSLA  		2023	04	21	30	000	C P 	0	4807	75000000
TSLA  		2023	04	21	35	000	C P 	5	974	75000000
TSLA  		2023	04	21	40	000	C P 	7	580	75000000
TSLA  		2023	04	21	45	000	C P 	2	858	75000000
TSLA  		2023	04	21	50	000	C P 	133	5114	75000000
TSLA  		2023	04	21	55	000	C P 	15	2778	75000000
TSLA  		2023	04	21	60	000	C P 	18	2020	75000000
TSLA  		2023	04	21	65	000	C P 	65	5215	75000000
TSLA  		2023	04	21	70	000	C P 	63	4477	75000000
TSLA  		2023	04	21	75	000	C P 	124	13318	75000000
TSLA  		2023	04	21	80	000	C P 	25226	4571	75000000
TSLA  		2023	04	21	85	000	C P 	90	3321	75000000
TSLA  		2023	04	21	90	000	C P 	271	2286	75000000
TSLA  		2023	04	21	95	000	C P 	152	6111	75000000
TSLA  		2023	04	21	100	000	C P 	1568	28181	75000000
TSLA  		2023	04	21	105	000	C P 	362	3000	75000000
TSLA  		2023	04	21	108	330	C P 	898	4944	75000000
TSLA  		2023	04	21	110	000	C P 	1075	7445	75000000
TSLA  		2023	04	21	115	000	C P 	1423	3556	75000000
TSLA  		2023	04	21	116	670	C P 	2544	9428	75000000
TSLA  		2023	04	21	120	000	C P 	7416	11954	75000000
TSLA  		2023	04	21	125	000	C P 	10826	13233	75000000
TSLA  		2023	04	21	130	000	C P 	1790	7483	75000000
TSLA  		2023	04	21	133	330	C P 	4582	3690	75000000
TSLA  		2023	04	21	135	000	C P 	1486	2726	75000000
TSLA  		2023	04	21	140	000	C P 	2970	7477	75000000
TSLA  		2023	04	21	141	670	C P 	6291	3499	75000000
TSLA  		2023	04	21	145	000	C P 	1997	2973	75000000
TSLA  		2023	04	21	150	000	C P 	7826	18865	75000000
TSLA  		2023	04	21	155	000	C P 	1422	2268	75000000
TSLA  		2023	04	21	158	330	C P 	2993	4154	75000000
TSLA  		2023	04	21	160	000	C P 	3495	6036	75000000
TSLA  		2023	04	21	165	000	C P 	1670	2899	75000000
TSLA  		2023	04	21	166	670	C P 	2667	5447	75000000
TSLA  		2023	04	21	170	000	C P 	1963	4154	75000000
TSLA  		2023	04	21	175	000	C P 	10784	8378	75000000
TSLA  		2023	04	21	180	000	C P 	2997	5128	75000000
TSLA  		2023	04	21	183	330	C P 	2755	4140	75000000
TSLA  		2023	04	21	185	000	C P 	2451	3559	75000000
TSLA  		2023	04	21	190	000	C P 	2671	7684	75000000
TSLA  		2023	04	21	191	670	C P 	3041	14213	75000000
TSLA  		2023	04	21	195	000	C P 	3260	2636	75000000
TSLA  		2023	04	21	200	000	C P 	13895	10170	75000000
TSLA  		2023	04	21	205	000	C P 	3571	2796	75000000
TSLA  		2023	04	21	208	330	C P 	6176	2846	75000000
TSLA  		2023	04	21	210	000	C P 	5530	3500	75000000
TSLA  		2023	04	21	215	000	C P 	3119	1698	75000000
TSLA  		2023	04	21	216	670	C P 	2173	3150	75000000
TSLA  		2023	04	21	220	000	C P 	7783	1261	75000000
TSLA  		2023	04	21	225	000	C P 	8731	2248	75000000
TSLA  		2023	04	21	230	000	C P 	2374	686	75000000
TSLA  		2023	04	21	233	330	C P 	1740	835	75000000
TSLA  		2023	04	21	235	000	C P 	1415	371	75000000
TSLA  		2023	04	21	240	000	C P 	7907	542	75000000
TSLA  		2023	04	21	241	670	C P 	1135	102	75000000
TSLA  		2023	04	21	243	330	C P 	1350	53	75000000
TSLA  		2023	04	21	245	000	C P 	1528	177	75000000
TSLA  		2023	04	21	246	670	C P 	1438	87	75000000
TSLA  		2023	04	21	248	330	C P 	857	329	75000000
TSLA  		2023	04	21	250	000	C P 	9670	881	75000000
TSLA  		2023	04	21	251	670	C P 	1940	82	75000000
TSLA  		2023	04	21	253	330	C P 	1371	43	75000000
TSLA  		2023	04	21	255	000	C P 	1815	48	75000000
TSLA  		2023	04	21	258	330	C P 	1162	895	75000000
TSLA  		2023	04	21	260	000	C P 	2335	6	75000000
TSLA  		2023	04	21	265	000	C P 	1308	6	75000000
TSLA  		2023	04	21	266	670	C P 	1656	199	75000000
TSLA  		2023	04	21	270	000	C P 	1056	2	75000000
TSLA  		2023	04	21	275	000	C P 	2203	112	75000000
TSLA  		2023	04	21	280	000	C P 	2161	206	75000000
TSLA  		2023	04	21	283	330	C P 	1351	215	75000000
TSLA  		2023	04	21	285	000	C P 	311	30	75000000
TSLA  		2023	04	21	290	000	C P 	493	0	75000000
TSLA  		2023	04	21	291	670	C P 	3102	30	75000000
TSLA  		2023	04	21	295	000	C P 	102	0	75000000
TSLA  		2023	04	21	300	000	C P 	9570	41	75000000
TSLA  		2023	04	21	305	000	C P 	231	0	75000000
TSLA  		2023	04	21	308	330	C P 	4103	26	75000000
TSLA  		2023	04	21	310	000	C P 	1031	0	75000000
TSLA  		2023	04	21	316	670	C P 	21978	2	75000000
TSLA  		2023	04	21	320	000	C P 	124	0	75000000
TSLA  		2023	04	21	325	000	C P 	2782	11	75000000
TSLA  		2023	04	21	330	000	C P 	46	0	75000000
TSLA  		2023	04	21	333	330	C P 	6381	0	75000000
TSLA  		2023	04	21	340	000	C P 	7	0	75000000
TSLA  		2023	04	21	341	670	C P 	817	8	75000000
TSLA  		2023	04	21	350	000	C P 	3550	7	75000000
TSLA  		2023	04	21	358	330	C P 	949	0	75000000
TSLA  		2023	04	21	360	000	C P 	40	0	75000000
TSLA  		2023	04	21	366	670	C P 	1189	3	75000000
TSLA  		2023	04	21	370	000	C P 	30	0	75000000
TSLA  		2023	04	21	375	000	C P 	1628	12	75000000
TSLA  		2023	04	21	383	330	C P 	753	0	75000000
TSLA  		2023	04	21	391	670	C P 	409	0	75000000
TSLA  		2023	04	21	400	000	C P 	3410	0	75000000
TSLA  		2023	04	21	408	330	C P 	437	0	75000000
TSLA  		2023	04	21	416	670	C P 	1133	0	75000000
TSLA  		2023	04	21	425	000	C P 	4961	0	75000000
TSLA  		2023	04	21	433	330	C P 	12434	0	75000000
TSLA  		2023	04	21	441	670	C P 	750	0	75000000
TSLA  		2023	04	21	450	000	C P 	1359	0	75000000
TSLA  		2023	04	21	458	330	C P 	3255	0	75000000
TSLA  		2023	04	21	466	670	C P 	409	0	75000000
TSLA  		2023	04	21	475	000	C P 	960	0	75000000
TSLA  		2023	04	21	483	330	C P 	826	0	75000000
TSLA  		2023	04	21	491	670	C P 	195	0	75000000
TSLA  		2023	04	21	500	000	C P 	3634	0	75000000
TSLA  		2023	04	21	508	330	C P 	900	0	75000000
TSLA  		2023	04	21	516	670	C P 	508	0	75000000
TSLA  		2023	04	21	525	000	C P 	485	0	75000000
TSLA  		2023	04	21	533	330	C P 	502	0	75000000
TSLA  		2023	04	21	541	670	C P 	599	0	75000000
TSLA  		2023	04	21	550	000	C P 	11286	0	75000000
TSLA  		2023	04	21	558	330	C P 	269	0	75000000
TSLA  		2023	04	21	566	670	C P 	631	0	75000000
TSLA  		2023	04	21	575	000	C P 	1712	0	75000000
TSLA  		2023	04	21	583	330	C P 	1047	0	75000000
TSLA  		2023	04	21	600	000	C P 	21693	0	75000000
TSLA  		2023	05	19	50	000	C P 	62	3285	75000000
TSLA  		2023	05	19	55	000	C P 	51	602	75000000
TSLA  		2023	05	19	60	000	C P 	159	949	75000000
TSLA  		2023	05	19	65	000	C P 	64	451	75000000
TSLA  		2023	05	19	70	000	C P 	178	1451	75000000
TSLA  		2023	05	19	75	000	C P 	135	1649	75000000
TSLA  		2023	05	19	80	000	C P 	84	1603	75000000
TSLA  		2023	05	19	85	000	C P 	62	1767	75000000
TSLA  		2023	05	19	90	000	C P 	243	2792	75000000
TSLA  		2023	05	19	95	000	C P 	134	1862	75000000
TSLA  		2023	05	19	100	000	C P 	1090	19718	75000000
TSLA  		2023	05	19	105	000	C P 	285	6181	75000000
TSLA  		2023	05	19	110	000	C P 	985	7297	75000000
TSLA  		2023	05	19	115	000	C P 	1337	1954	75000000
TSLA  		2023	05	19	120	000	C P 	2153	8119	75000000
TSLA  		2023	05	19	125	000	C P 	3742	2583	75000000
TSLA  		2023	05	19	130	000	C P 	2704	5043	75000000
TSLA  		2023	05	19	135	000	C P 	2068	2216	75000000
TSLA  		2023	05	19	140	000	C P 	1889	11474	75000000
TSLA  		2023	05	19	145	000	C P 	2383	2106	75000000
TSLA  		2023	05	19	150	000	C P 	3954	4879	75000000
TSLA  		2023	05	19	155	000	C P 	1380	1663	75000000
TSLA  		2023	05	19	160	000	C P 	3187	4811	75000000
TSLA  		2023	05	19	165	000	C P 	1379	1514	75000000
TSLA  		2023	05	19	170	000	C P 	2786	4913	75000000
TSLA  		2023	05	19	175	000	C P 	2155	1942	75000000
TSLA  		2023	05	19	180	000	C P 	7974	4034	75000000
TSLA  		2023	05	19	185	000	C P 	1915	1501	75000000
TSLA  		2023	05	19	190	000	C P 	2733	3582	75000000
TSLA  		2023	05	19	195	000	C P 	3186	2303	75000000
TSLA  		2023	05	19	200	000	C P 	8496	3448	75000000
TSLA  		2023	05	19	205	000	C P 	4125	4827	75000000
TSLA  		2023	05	19	210	000	C P 	10548	2909	75000000
TSLA  		2023	05	19	215	000	C P 	25994	1928	75000000
TSLA  		2023	05	19	220	000	C P 	7484	1694	75000000
TSLA  		2023	05	19	225	000	C P 	3204	924	75000000
TSLA  		2023	05	19	230	000	C P 	2359	679	75000000
TSLA  		2023	05	19	235	000	C P 	1841	296	75000000
TSLA  		2023	05	19	240	000	C P 	2913	103	75000000
TSLA  		2023	05	19	245	000	C P 	1118	149	75000000
TSLA  		2023	05	19	250	000	C P 	3457	77	75000000
TSLA  		2023	05	19	260	000	C P 	1353	135	75000000
TSLA  		2023	05	19	270	000	C P 	3513	130	75000000
TSLA  		2023	05	19	280	000	C P 	800	28	75000000
TSLA  		2023	05	19	290	000	C P 	429	367	75000000
TSLA  		2023	05	19	300	000	C P 	1810	544	75000000
TSLA  		2023	05	19	310	000	C P 	548	5249	75000000
TSLA  		2023	05	19	320	000	C P 	1002	1168	75000000
TSLA  		2023	05	19	330	000	C P 	612	26	75000000
TSLA  		2023	05	19	340	000	C P 	566	3	75000000
TSLA  		2023	05	19	350	000	C P 	344	5	75000000
TSLA  		2023	05	19	360	000	C P 	765	1	75000000
TSLA  		2023	05	19	370	000	C P 	233	0	75000000
TSLA  		2023	05	19	380	000	C P 	313	0	75000000
TSLA  		2023	05	19	390	000	C P 	1123	1	75000000
TSLA  		2023	05	19	400	000	C P 	21	0	75000000
TSLA  		2023	05	19	410	000	C P 	21	0	75000000
TSLA  		2023	06	16	1	670	C P 	103	41939	75000000
TSLA  		2023	06	16	3	330	C P 	399	5010	75000000
TSLA  		2023	06	16	5	000	C P 	108	1684	75000000
TSLA  		2023	06	16	6	670	C P 	75	1309	75000000
TSLA  		2023	06	16	8	330	C P 	425	2371	75000000
TSLA  		2023	06	16	10	000	C P 	3235	3746	75000000
TSLA  		2023	06	16	11	670	C P 	155	8573	75000000
TSLA  		2023	06	16	13	330	C P 	1234	5646	75000000
TSLA  		2023	06	16	15	000	C P 	168	4104	75000000
TSLA  		2023	06	16	16	670	C P 	489	9830	75000000
TSLA  		2023	06	16	18	330	C P 	88	5228	75000000
TSLA  		2023	06	16	33	330	C P 	862	16916	75000000
TSLA  		2023	06	16	50	000	C P 	1111	17809	75000000
TSLA  		2023	06	16	55	000	C P 	31	7369	75000000
TSLA  		2023	06	16	60	000	C P 	15	2243	75000000
TSLA  		2023	06	16	65	000	C P 	4	636	75000000
TSLA  		2023	06	16	66	670	C P 	1011	14231	75000000
TSLA  		2023	06	16	70	000	C P 	49	4060	75000000
TSLA  		2023	06	16	75	000	C P 	84	6707	75000000
TSLA  		2023	06	16	80	000	C P 	184	3850	75000000
TSLA  		2023	06	16	83	330	C P 	704	5070	75000000
TSLA  		2023	06	16	85	000	C P 	86	4490	75000000
TSLA  		2023	06	16	90	000	C P 	206	4155	75000000
TSLA  		2023	06	16	95	000	C P 	123	1631	75000000
TSLA  		2023	06	16	100	000	C P 	3474	30020	75000000
TSLA  		2023	06	16	105	000	C P 	362	5347	75000000
TSLA  		2023	06	16	110	000	C P 	1201	5631	75000000
TSLA  		2023	06	16	115	000	C P 	596	2921	75000000
TSLA  		2023	06	16	116	670	C P 	1787	5248	75000000
TSLA  		2023	06	16	120	000	C P 	3426	10011	75000000
TSLA  		2023	06	16	123	330	C P 	459	1129	75000000
TSLA  		2023	06	16	125	000	C P 	4148	8566	75000000
TSLA  		2023	06	16	126	670	C P 	912	1343	75000000
TSLA  		2023	06	16	130	000	C P 	3664	9304	75000000
TSLA  		2023	06	16	133	330	C P 	2526	8772	75000000
TSLA  		2023	06	16	135	000	C P 	2736	2647	75000000
TSLA  		2023	06	16	136	670	C P 	1082	2575	75000000
TSLA  		2023	06	16	140	000	C P 	7606	6899	75000000
TSLA  		2023	06	16	143	330	C P 	1231	3229	75000000
TSLA  		2023	06	16	145	000	C P 	2171	3735	75000000
TSLA  		2023	06	16	146	670	C P 	1581	1971	75000000
TSLA  		2023	06	16	150	000	C P 	12522	14540	75000000
TSLA  		2023	06	16	153	330	C P 	2438	3159	75000000
TSLA  		2023	06	16	155	000	C P 	1172	3174	75000000
TSLA  		2023	06	16	156	670	C P 	1638	786	75000000
TSLA  		2023	06	16	160	000	C P 	6528	7063	75000000
TSLA  		2023	06	16	163	330	C P 	971	1209	75000000
TSLA  		2023	06	16	165	000	C P 	1753	2901	75000000
TSLA  		2023	06	16	166	670	C P 	3620	13086	75000000
TSLA  		2023	06	16	170	000	C P 	2595	4772	75000000
TSLA  		2023	06	16	173	330	C P 	1452	6340	75000000
TSLA  		2023	06	16	175	000	C P 	2637	5503	75000000
TSLA  		2023	06	16	180	000	C P 	9878	8699	75000000
TSLA  		2023	06	16	183	330	C P 	9414	10227	75000000
TSLA  		2023	06	16	185	000	C P 	7911	7098	75000000
TSLA  		2023	06	16	186	670	C P 	957	1990	75000000
TSLA  		2023	06	16	190	000	C P 	5722	4852	75000000
TSLA  		2023	06	16	193	330	C P 	1847	7836	75000000
TSLA  		2023	06	16	195	000	C P 	2831	2828	75000000
TSLA  		2023	06	16	200	000	C P 	25727	24664	75000000
TSLA  		2023	06	16	205	000	C P 	2937	1353	75000000
TSLA  		2023	06	16	206	670	C P 	2520	2910	75000000
TSLA  		2023	06	16	210	000	C P 	5648	4280	75000000
TSLA  		2023	06	16	213	330	C P 	2329	2656	75000000
TSLA  		2023	06	16	215	000	C P 	3816	1155	75000000
TSLA  		2023	06	16	216	670	C P 	6787	6191	75000000
TSLA  		2023	06	16	220	000	C P 	8347	7063	75000000
TSLA  		2023	06	16	225	000	C P 	2368	1473	75000000
TSLA  		2023	06	16	226	670	C P 	2754	2274	75000000
TSLA  		2023	06	16	230	000	C P 	7203	3110	75000000
TSLA  		2023	06	16	233	330	C P 	11516	8001	75000000
TSLA  		2023	06	16	235	000	C P 	3767	872	75000000
TSLA  		2023	06	16	240	000	C P 	8029	3115	75000000
TSLA  		2023	06	16	243	330	C P 	1332	1697	75000000
TSLA  		2023	06	16	245	000	C P 	1920	75	75000000
TSLA  		2023	06	16	246	670	C P 	3069	95	75000000
TSLA  		2023	06	16	250	000	C P 	15689	3469	75000000
TSLA  		2023	06	16	253	330	C P 	1502	195	75000000
TSLA  		2023	06	16	255	000	C P 	1228	73	75000000
TSLA  		2023	06	16	260	000	C P 	5177	81	75000000
TSLA  		2023	06	16	265	000	C P 	2455	84	75000000
TSLA  		2023	06	16	266	670	C P 	7297	408	75000000
TSLA  		2023	06	16	270	000	C P 	1478	6	75000000
TSLA  		2023	06	16	273	330	C P 	1401	1051	75000000
TSLA  		2023	06	16	275	000	C P 	2172	9	75000000
TSLA  		2023	06	16	280	000	C P 	4252	70	75000000
TSLA  		2023	06	16	283	330	C P 	4649	51	75000000
TSLA  		2023	06	16	285	000	C P 	1018	2	75000000
TSLA  		2023	06	16	286	670	C P 	749	50	75000000
TSLA  		2023	06	16	290	000	C P 	1492	826	75000000
TSLA  		2023	06	16	293	330	C P 	1623	62	75000000
TSLA  		2023	06	16	295	000	C P 	325	258	75000000
TSLA  		2023	06	16	300	000	C P 	18243	196	75000000
TSLA  		2023	06	16	305	000	C P 	948	5	75000000
TSLA  		2023	06	16	306	670	C P 	1439	30	75000000
TSLA  		2023	06	16	310	000	C P 	1686	44	75000000
TSLA  		2023	06	16	313	330	C P 	542	33	75000000
TSLA  		2023	06	16	315	000	C P 	337	82	75000000
TSLA  		2023	06	16	316	670	C P 	7182	241	75000000
TSLA  		2023	06	16	320	000	C P 	2473	3	75000000
TSLA  		2023	06	16	326	670	C P 	9731	8	75000000
TSLA  		2023	06	16	330	000	C P 	2541	51	75000000
TSLA  		2023	06	16	333	330	C P 	33257	231	75000000
TSLA  		2023	06	16	340	000	C P 	1706	3	75000000
TSLA  		2023	06	16	346	670	C P 	1316	0	75000000
TSLA  		2023	06	16	350	000	C P 	8598	334	75000000
TSLA  		2023	06	16	353	330	C P 	970	0	75000000
TSLA  		2023	06	16	360	000	C P 	1836	3	75000000
TSLA  		2023	06	16	366	670	C P 	10964	450	75000000
TSLA  		2023	06	16	370	000	C P 	985	0	75000000
TSLA  		2023	06	16	383	330	C P 	10840	0	75000000
TSLA  		2023	06	16	400	000	C P 	18151	919	75000000
TSLA  		2023	06	16	416	670	C P 	3564	0	75000000
TSLA  		2023	06	16	433	330	C P 	9711	0	75000000
TSLA  		2023	06	16	450	000	C P 	8226	0	75000000
TSLA  		2023	06	16	466	670	C P 	20915	0	75000000
TSLA  		2023	06	16	483	330	C P 	8234	0	75000000
TSLA  		2023	06	16	500	000	C P 	22506	0	75000000
TSLA  		2023	06	16	516	670	C P 	2664	0	75000000
TSLA  		2023	06	16	533	330	C P 	4870	0	75000000
TSLA  		2023	06	16	550	000	C P 	6098	0	75000000
TSLA  		2023	06	16	558	330	C P 	1603	0	75000000
TSLA  		2023	06	16	566	670	C P 	1275	0	75000000
TSLA  		2023	06	16	575	000	C P 	719	0	75000000
TSLA  		2023	06	16	583	330	C P 	1203	0	75000000
TSLA  		2023	06	16	591	670	C P 	398	0	75000000
TSLA  		2023	06	16	600	000	C P 	6637	0	75000000
TSLA  		2023	06	16	608	330	C P 	1106	0	75000000
TSLA  		2023	06	16	616	670	C P 	550	0	75000000
TSLA  		2023	06	16	625	000	C P 	2139	0	75000000
TSLA  		2023	06	16	633	330	C P 	5398	0	75000000
TSLA  		2023	06	16	641	670	C P 	450	0	75000000
TSLA  		2023	06	16	650	000	C P 	584	0	75000000
TSLA  		2023	06	16	666	670	C P 	18139	0	75000000
TSLA  		2023	06	16	675	000	C P 	935	0	75000000
TSLA  		2023	06	16	683	330	C P 	607	0	75000000
TSLA  		2023	06	16	691	670	C P 	894	0	75000000
TSLA  		2023	06	16	700	000	C P 	2787	0	75000000
TSLA  		2023	06	16	708	330	C P 	547	0	75000000
TSLA  		2023	06	16	716	670	C P 	705	0	75000000
TSLA  		2023	06	16	725	000	C P 	1184	0	75000000
TSLA  		2023	06	16	733	330	C P 	2256	0	75000000
TSLA  		2023	06	16	741	670	C P 	767	0	75000000
TSLA  		2023	06	16	750	000	C P 	11730	0	75000000
TSLA  		2023	06	16	758	330	C P 	1299	0	75000000
TSLA  		2023	06	16	766	670	C P 	1263	0	75000000
TSLA  		2023	06	16	775	000	C P 	1167	0	75000000
TSLA  		2023	06	16	783	330	C P 	2229	0	75000000
TSLA  		2023	06	16	791	670	C P 	1890	0	75000000
TSLA  		2023	06	16	800	000	C P 	10194	0	75000000
TSLA  		2023	06	16	808	330	C P 	1277	0	75000000
TSLA  		2023	06	16	816	670	C P 	1910	0	75000000
TSLA  		2023	06	16	825	000	C P 	43457	0	75000000
TSLA  		2023	07	21	5	000	C P 	32	723	75000000
TSLA  		2023	07	21	10	000	C P 	5	907	75000000
TSLA  		2023	07	21	15	000	C P 	4	644	75000000
TSLA  		2023	07	21	20	000	C P 	17	1214	75000000
TSLA  		2023	07	21	25	000	C P 	25	1025	75000000
TSLA  		2023	07	21	30	000	C P 	111	1445	75000000
TSLA  		2023	07	21	35	000	C P 	42	838	75000000
TSLA  		2023	07	21	40	000	C P 	21	1188	75000000
TSLA  		2023	07	21	45	000	C P 	38	630	75000000
TSLA  		2023	07	21	50	000	C P 	70	5157	75000000
TSLA  		2023	07	21	55	000	C P 	86	1857	75000000
TSLA  		2023	07	21	60	000	C P 	94	3689	75000000
TSLA  		2023	07	21	65	000	C P 	89	404	75000000
TSLA  		2023	07	21	70	000	C P 	25	2204	75000000
TSLA  		2023	07	21	75	000	C P 	63	4253	75000000
TSLA  		2023	07	21	80	000	C P 	79	3674	75000000
TSLA  		2023	07	21	85	000	C P 	54	1389	75000000
TSLA  		2023	07	21	90	000	C P 	121	3482	75000000
TSLA  		2023	07	21	95	000	C P 	68	1627	75000000
TSLA  		2023	07	21	100	000	C P 	336	5843	75000000
TSLA  		2023	07	21	105	000	C P 	373	2540	75000000
TSLA  		2023	07	21	110	000	C P 	1123	3790	75000000
TSLA  		2023	07	21	115	000	C P 	455	1020	75000000
TSLA  		2023	07	21	120	000	C P 	1252	4593	75000000
TSLA  		2023	07	21	125	000	C P 	1407	2200	75000000
TSLA  		2023	07	21	130	000	C P 	1500	2163	75000000
TSLA  		2023	07	21	135	000	C P 	1143	2725	75000000
TSLA  		2023	07	21	140	000	C P 	1474	4200	75000000
TSLA  		2023	07	21	145	000	C P 	1064	2290	75000000
TSLA  		2023	07	21	150	000	C P 	3181	3910	75000000
TSLA  		2023	07	21	155	000	C P 	1684	2877	75000000
TSLA  		2023	07	21	160	000	C P 	1761	1709	75000000
TSLA  		2023	07	21	165	000	C P 	676	1506	75000000
TSLA  		2023	07	21	170	000	C P 	1828	2849	75000000
TSLA  		2023	07	21	175	000	C P 	1640	1504	75000000
TSLA  		2023	07	21	180	000	C P 	2085	1924	75000000
TSLA  		2023	07	21	185	000	C P 	3944	13350	75000000
TSLA  		2023	07	21	190	000	C P 	2364	2332	75000000
TSLA  		2023	07	21	195	000	C P 	2867	1844	75000000
TSLA  		2023	07	21	200	000	C P 	8810	3746	75000000
TSLA  		2023	07	21	205	000	C P 	3757	2282	75000000
TSLA  		2023	07	21	210	000	C P 	4675	2291	75000000
TSLA  		2023	07	21	215	000	C P 	3431	1503	75000000
TSLA  		2023	07	21	220	000	C P 	2922	1628	75000000
TSLA  		2023	07	21	225	000	C P 	5215	2125	75000000
TSLA  		2023	07	21	230	000	C P 	1953	1273	75000000
TSLA  		2023	07	21	235	000	C P 	1697	697	75000000
TSLA  		2023	07	21	240	000	C P 	2496	1749	75000000
TSLA  		2023	07	21	245	000	C P 	2472	723	75000000
TSLA  		2023	07	21	250	000	C P 	24452	1576	75000000
TSLA  		2023	07	21	255	000	C P 	1008	681	75000000
TSLA  		2023	07	21	260	000	C P 	1607	119	75000000
TSLA  		2023	07	21	265	000	C P 	679	9	75000000
TSLA  		2023	07	21	270	000	C P 	784	125	75000000
TSLA  		2023	07	21	275	000	C P 	557	82	75000000
TSLA  		2023	07	21	280	000	C P 	1143	147	75000000
TSLA  		2023	07	21	285	000	C P 	1048	147	75000000
TSLA  		2023	07	21	290	000	C P 	379	35	75000000
TSLA  		2023	07	21	295	000	C P 	434	11	75000000
TSLA  		2023	07	21	300	000	C P 	2622	78	75000000
TSLA  		2023	07	21	305	000	C P 	242	6	75000000
TSLA  		2023	07	21	310	000	C P 	1391	6	75000000
TSLA  		2023	07	21	315	000	C P 	389	1	75000000
TSLA  		2023	07	21	320	000	C P 	973	2	75000000
TSLA  		2023	07	21	325	000	C P 	670	2	75000000
TSLA  		2023	07	21	330	000	C P 	435	25	75000000
TSLA  		2023	07	21	335	000	C P 	168	7	75000000
TSLA  		2023	07	21	340	000	C P 	438	16	75000000
TSLA  		2023	07	21	345	000	C P 	213	0	75000000
TSLA  		2023	07	21	350	000	C P 	819	1	75000000
TSLA  		2023	07	21	355	000	C P 	278	1	75000000
TSLA  		2023	07	21	360	000	C P 	562	3	75000000
TSLA  		2023	07	21	365	000	C P 	876	0	75000000
TSLA  		2023	07	21	370	000	C P 	1054	0	75000000
TSLA  		2023	07	21	375	000	C P 	3143	0	75000000
TSLA  		2023	07	21	380	000	C P 	193	0	75000000
TSLA  		2023	07	21	390	000	C P 	637	0	75000000
TSLA  		2023	07	21	400	000	C P 	55	0	75000000
TSLA  		2023	07	21	410	000	C P 	180	0	75000000
TSLA  		2023	09	15	1	670	C P 	861	20044	75000000
TSLA  		2023	09	15	3	330	C P 	1085	2849	75000000
TSLA  		2023	09	15	5	000	C P 	34	942	75000000
TSLA  		2023	09	15	6	670	C P 	29	3368	75000000
TSLA  		2023	09	15	8	330	C P 	32	1181	75000000
TSLA  		2023	09	15	10	000	C P 	26	2774	75000000
TSLA  		2023	09	15	11	670	C P 	49	619	75000000
TSLA  		2023	09	15	13	330	C P 	83	230	75000000
TSLA  		2023	09	15	15	000	C P 	0	138	75000000
TSLA  		2023	09	15	16	670	C P 	143	4213	75000000
TSLA  		2023	09	15	30	000	C P 	0	309	75000000
TSLA  		2023	09	15	33	330	C P 	3118	11301	75000000
TSLA  		2023	09	15	35	000	C P 	5	528	75000000
TSLA  		2023	09	15	40	000	C P 	9	282	75000000
TSLA  		2023	09	15	45	000	C P 	9	49	75000000
TSLA  		2023	09	15	50	000	C P 	418	7874	75000000
TSLA  		2023	09	15	55	000	C P 	23	2373	75000000
TSLA  		2023	09	15	60	000	C P 	30	4762	75000000
TSLA  		2023	09	15	65	000	C P 	4	2216	75000000
TSLA  		2023	09	15	66	670	C P 	434	5690	75000000
TSLA  		2023	09	15	70	000	C P 	86	614	75000000
TSLA  		2023	09	15	75	000	C P 	26	637	75000000
TSLA  		2023	09	15	80	000	C P 	260	913	75000000
TSLA  		2023	09	15	83	330	C P 	407	4460	75000000
TSLA  		2023	09	15	85	000	C P 	52	338	75000000
TSLA  		2023	09	15	90	000	C P 	485	2740	75000000
TSLA  		2023	09	15	95	000	C P 	70	2435	75000000
TSLA  		2023	09	15	100	000	C P 	2489	12136	75000000
TSLA  		2023	09	15	105	000	C P 	88	2165	75000000
TSLA  		2023	09	15	108	330	C P 	397	2143	75000000
TSLA  		2023	09	15	110	000	C P 	1198	1533	75000000
TSLA  		2023	09	15	115	000	C P 	260	2826	75000000
TSLA  		2023	09	15	116	670	C P 	569	12232	75000000
TSLA  		2023	09	15	120	000	C P 	854	2046	75000000
TSLA  		2023	09	15	123	330	C P 	523	1352	75000000
TSLA  		2023	09	15	125	000	C P 	1733	8141	75000000
TSLA  		2023	09	15	126	670	C P 	130	1069	75000000
TSLA  		2023	09	15	130	000	C P 	1400	5002	75000000
TSLA  		2023	09	15	133	330	C P 	220	2368	75000000
TSLA  		2023	09	15	135	000	C P 	231	1235	75000000
TSLA  		2023	09	15	136	670	C P 	287	957	75000000
TSLA  		2023	09	15	140	000	C P 	1733	2727	75000000
TSLA  		2023	09	15	141	670	C P 	763	1683	75000000
TSLA  		2023	09	15	143	330	C P 	283	1539	75000000
TSLA  		2023	09	15	145	000	C P 	347	2628	75000000
TSLA  		2023	09	15	146	670	C P 	1372	1093	75000000
TSLA  		2023	09	15	150	000	C P 	33704	8983	75000000
TSLA  		2023	09	15	153	330	C P 	30476	1822	75000000
TSLA  		2023	09	15	155	000	C P 	423	396	75000000
TSLA  		2023	09	15	156	670	C P 	394	778	75000000
TSLA  		2023	09	15	158	330	C P 	313	603	75000000
TSLA  		2023	09	15	160	000	C P 	3712	7210	75000000
TSLA  		2023	09	15	163	330	C P 	396	1504	75000000
TSLA  		2023	09	15	165	000	C P 	1247	860	75000000
TSLA  		2023	09	15	166	670	C P 	1391	3252	75000000
TSLA  		2023	09	15	170	000	C P 	633	790	75000000
TSLA  		2023	09	15	173	330	C P 	10304	3049	75000000
TSLA  		2023	09	15	175	000	C P 	10895	7919	75000000
TSLA  		2023	09	15	180	000	C P 	33701	6995	75000000
TSLA  		2023	09	15	183	330	C P 	32271	4815	75000000
TSLA  		2023	09	15	185	000	C P 	335	835	75000000
TSLA  		2023	09	15	186	670	C P 	521	3490	75000000
TSLA  		2023	09	15	190	000	C P 	729	3528	75000000
TSLA  		2023	09	15	191	670	C P 	491	1212	75000000
TSLA  		2023	09	15	193	330	C P 	897	3054	75000000
TSLA  		2023	09	15	195	000	C P 	475	1024	75000000
TSLA  		2023	09	15	200	000	C P 	11834	17325	75000000
TSLA  		2023	09	15	205	000	C P 	622	656	75000000
TSLA  		2023	09	15	206	670	C P 	1159	687	75000000
TSLA  		2023	09	15	208	330	C P 	602	1984	75000000
TSLA  		2023	09	15	210	000	C P 	2417	444	75000000
TSLA  		2023	09	15	213	330	C P 	973	1232	75000000
TSLA  		2023	09	15	215	000	C P 	1180	324	75000000
TSLA  		2023	09	15	216	670	C P 	2026	4087	75000000
TSLA  		2023	09	15	220	000	C P 	8869	4196	75000000
TSLA  		2023	09	15	225	000	C P 	2950	3410	75000000
TSLA  		2023	09	15	226	670	C P 	2274	1554	75000000
TSLA  		2023	09	15	230	000	C P 	3392	1007	75000000
TSLA  		2023	09	15	233	330	C P 	2795	3527	75000000
TSLA  		2023	09	15	235	000	C P 	782	985	75000000
TSLA  		2023	09	15	240	000	C P 	1899	1885	75000000
TSLA  		2023	09	15	241	670	C P 	1366	1004	75000000
TSLA  		2023	09	15	245	000	C P 	227	370	75000000
TSLA  		2023	09	15	246	670	C P 	511	957	75000000
TSLA  		2023	09	15	250	000	C P 	10879	5798	75000000
TSLA  		2023	09	15	253	330	C P 	800	705	75000000
TSLA  		2023	09	15	255	000	C P 	343	156	75000000
TSLA  		2023	09	15	258	330	C P 	944	2412	75000000
TSLA  		2023	09	15	260	000	C P 	11850	1418	75000000
TSLA  		2023	09	15	265	000	C P 	393	151	75000000
TSLA  		2023	09	15	266	670	C P 	2375	324	75000000
TSLA  		2023	09	15	270	000	C P 	376	162	75000000
TSLA  		2023	09	15	273	330	C P 	677	383	75000000
TSLA  		2023	09	15	275	000	C P 	2891	3223	75000000
TSLA  		2023	09	15	280	000	C P 	2460	576	75000000
TSLA  		2023	09	15	283	330	C P 	1233	316	75000000
TSLA  		2023	09	15	286	670	C P 	603	97	75000000
TSLA  		2023	09	15	290	000	C P 	1456	65	75000000
TSLA  		2023	09	15	291	670	C P 	958	386	75000000
TSLA  		2023	09	15	293	330	C P 	1345	460	75000000
TSLA  		2023	09	15	300	000	C P 	8009	967	75000000
TSLA  		2023	09	15	306	670	C P 	2721	327	75000000
TSLA  		2023	09	15	308	330	C P 	868	335	75000000
TSLA  		2023	09	15	310	000	C P 	102	0	75000000
TSLA  		2023	09	15	313	330	C P 	804	287	75000000
TSLA  		2023	09	15	316	670	C P 	1622	162	75000000
TSLA  		2023	09	15	320	000	C P 	2524	169	75000000
TSLA  		2023	09	15	325	000	C P 	2805	75	75000000
TSLA  		2023	09	15	326	670	C P 	1067	5	75000000
TSLA  		2023	09	15	333	330	C P 	6457	83	75000000
TSLA  		2023	09	15	340	000	C P 	23363	148	75000000
TSLA  		2023	09	15	341	670	C P 	181	187	75000000
TSLA  		2023	09	15	346	670	C P 	549	137	75000000
TSLA  		2023	09	15	350	000	C P 	20884	328	75000000
TSLA  		2023	09	15	353	330	C P 	22637	149	75000000
TSLA  		2023	09	15	358	330	C P 	467	287	75000000
TSLA  		2023	09	15	360	000	C P 	3425	307	75000000
TSLA  		2023	09	15	366	670	C P 	2807	561	75000000
TSLA  		2023	09	15	375	000	C P 	3292	160	75000000
TSLA  		2023	09	15	383	330	C P 	4642	47	75000000
TSLA  		2023	09	15	391	670	C P 	843	14	75000000
TSLA  		2023	09	15	400	000	C P 	5820	69	75000000
TSLA  		2023	09	15	408	330	C P 	1613	1	75000000
TSLA  		2023	09	15	416	670	C P 	1109	0	75000000
TSLA  		2023	09	15	425	000	C P 	3327	0	75000000
TSLA  		2023	09	15	433	330	C P 	4935	15	75000000
TSLA  		2023	09	15	441	670	C P 	1060	0	75000000
TSLA  		2023	09	15	450	000	C P 	2539	0	75000000
TSLA  		2023	09	15	458	330	C P 	402	0	75000000
TSLA  		2023	09	15	466	670	C P 	2696	0	75000000
TSLA  		2023	09	15	475	000	C P 	328	0	75000000
TSLA  		2023	09	15	483	330	C P 	669	0	75000000
TSLA  		2023	09	15	491	670	C P 	1117	0	75000000
TSLA  		2023	09	15	500	000	C P 	5715	0	75000000
TSLA  		2023	09	15	508	330	C P 	812	0	75000000
TSLA  		2023	09	15	516	670	C P 	1270	0	75000000
TSLA  		2023	09	15	525	000	C P 	1191	0	75000000
TSLA  		2023	09	15	533	330	C P 	1597	0	75000000
TSLA  		2023	09	15	541	670	C P 	1167	0	75000000
TSLA  		2023	09	15	550	000	C P 	11723	0	75000000
TSLA  		2023	09	15	558	330	C P 	188	0	75000000
TSLA  		2023	09	15	566	670	C P 	4046	0	75000000
TSLA  		2023	09	15	575	000	C P 	414	0	75000000
TSLA  		2023	09	15	583	330	C P 	516	0	75000000
TSLA  		2023	09	15	591	670	C P 	2112	0	75000000
TSLA  		2023	09	15	600	000	C P 	8750	0	75000000
TSLA  		2023	09	15	608	330	C P 	671	0	75000000
TSLA  		2023	09	15	616	670	C P 	1021	0	75000000
TSLA  		2023	09	15	625	000	C P 	1068	0	75000000
TSLA  		2023	09	15	633	330	C P 	716	0	75000000
TSLA  		2023	09	15	641	670	C P 	425	0	75000000
TSLA  		2023	09	15	650	000	C P 	27723	0	75000000
TSLA  		2023	09	15	658	330	C P 	1206	0	75000000
TSLA  		2023	09	15	666	670	C P 	1349	0	75000000
TSLA  		2023	09	15	675	000	C P 	466	0	75000000
TSLA  		2023	09	15	683	330	C P 	459	0	75000000
TSLA  		2023	09	15	700	000	C P 	1534	0	75000000
TSLA  		2023	09	15	716	670	C P 	1042	0	75000000
TSLA  		2023	09	15	733	330	C P 	2322	0	75000000
TSLA  		2023	09	15	750	000	C P 	8211	0	75000000
TSLA  		2023	09	15	758	330	C P 	71900	0	75000000
TSLA  		2023	12	15	50	000	C P 	1399	14197	75000000
TSLA  		2023	12	15	55	000	C P 	222	1193	75000000
TSLA  		2023	12	15	60	000	C P 	40	1346	75000000
TSLA  		2023	12	15	65	000	C P 	4	383	75000000
TSLA  		2023	12	15	70	000	C P 	27	3880	75000000
TSLA  		2023	12	15	75	000	C P 	19	4131	75000000
TSLA  		2023	12	15	80	000	C P 	156	961	75000000
TSLA  		2023	12	15	85	000	C P 	2574	2368	75000000
TSLA  		2023	12	15	90	000	C P 	1648	6022	75000000
TSLA  		2023	12	15	95	000	C P 	831	499	75000000
TSLA  		2023	12	15	100	000	C P 	3404	7087	75000000
TSLA  		2023	12	15	105	000	C P 	321	2275	75000000
TSLA  		2023	12	15	110	000	C P 	679	2233	75000000
TSLA  		2023	12	15	115	000	C P 	1711	966	75000000
TSLA  		2023	12	15	120	000	C P 	1025	1390	75000000
TSLA  		2023	12	15	125	000	C P 	526	1583	75000000
TSLA  		2023	12	15	130	000	C P 	769	11524	75000000
TSLA  		2023	12	15	135	000	C P 	789	6083	75000000
TSLA  		2023	12	15	140	000	C P 	947	1885	75000000
TSLA  		2023	12	15	145	000	C P 	623	960	75000000
TSLA  		2023	12	15	150	000	C P 	1503	12700	75000000
TSLA  		2023	12	15	155	000	C P 	393	1057	75000000
TSLA  		2023	12	15	160	000	C P 	2845	11040	75000000
TSLA  		2023	12	15	165	000	C P 	1440	530	75000000
TSLA  		2023	12	15	170	000	C P 	747	4539	75000000
TSLA  		2023	12	15	175	000	C P 	2080	452	75000000
TSLA  		2023	12	15	180	000	C P 	1600	1236	75000000
TSLA  		2023	12	15	185	000	C P 	562	660	75000000
TSLA  		2023	12	15	190	000	C P 	1094	561	75000000
TSLA  		2023	12	15	195	000	C P 	785	984	75000000
TSLA  		2023	12	15	200	000	C P 	8206	1584	75000000
TSLA  		2023	12	15	205	000	C P 	6591	815	75000000
TSLA  		2023	12	15	210	000	C P 	3256	749	75000000
TSLA  		2023	12	15	215	000	C P 	1294	656	75000000
TSLA  		2023	12	15	220	000	C P 	1626	1196	75000000
TSLA  		2023	12	15	225	000	C P 	1223	303	75000000
TSLA  		2023	12	15	230	000	C P 	2259	734	75000000
TSLA  		2023	12	15	235	000	C P 	512	448	75000000
TSLA  		2023	12	15	240	000	C P 	5780	711	75000000
TSLA  		2023	12	15	245	000	C P 	2367	514	75000000
TSLA  		2023	12	15	250	000	C P 	15771	3668	75000000
TSLA  		2023	12	15	260	000	C P 	10257	1779	75000000
TSLA  		2023	12	15	270	000	C P 	4021	522	75000000
TSLA  		2023	12	15	280	000	C P 	1448	680	75000000
TSLA  		2023	12	15	290	000	C P 	522	493	75000000
TSLA  		2023	12	15	300	000	C P 	1768	1045	75000000
TSLA  		2023	12	15	310	000	C P 	763	621	75000000
TSLA  		2023	12	15	320	000	C P 	1155	537	75000000
TSLA  		2023	12	15	330	000	C P 	379	232	75000000
TSLA  		2023	12	15	340	000	C P 	334	120	75000000
TSLA  		2023	12	15	350	000	C P 	1108	183	75000000
TSLA  		2023	12	15	360	000	C P 	617	117	75000000
TSLA  		2023	12	15	370	000	C P 	132	244	75000000
TSLA  		2023	12	15	380	000	C P 	484	321	75000000
TSLA  		2023	12	15	390	000	C P 	1521	147	75000000
TSLA  		2023	12	15	400	000	C P 	13	0	75000000
TSLA  		2023	12	15	410	000	C P 	42	45	75000000
TSLA  		2024	01	19	1	670	C P 	2502	29775	75000000
TSLA  		2024	01	19	3	330	C P 	968	6127	75000000
TSLA  		2024	01	19	5	000	C P 	259	10876	75000000
TSLA  		2024	01	19	6	670	C P 	76	3481	75000000
TSLA  		2024	01	19	8	330	C P 	3902	2868	75000000
TSLA  		2024	01	19	10	000	C P 	294	4570	75000000
TSLA  		2024	01	19	11	670	C P 	253	3721	75000000
TSLA  		2024	01	19	13	330	C P 	819	512	75000000
TSLA  		2024	01	19	15	000	C P 	279	2063	75000000
TSLA  		2024	01	19	16	670	C P 	486	4672	75000000
TSLA  		2024	01	19	18	330	C P 	393	6118	75000000
TSLA  		2024	01	19	20	000	C P 	258	7605	75000000
TSLA  		2024	01	19	21	670	C P 	118	849	75000000
TSLA  		2024	01	19	23	330	C P 	382	3875	75000000
TSLA  		2024	01	19	25	000	C P 	369	3204	75000000
TSLA  		2024	01	19	26	670	C P 	833	1127	75000000
TSLA  		2024	01	19	28	330	C P 	341	747	75000000
TSLA  		2024	01	19	30	000	C P 	228	8862	75000000
TSLA  		2024	01	19	31	670	C P 	1326	1353	75000000
TSLA  		2024	01	19	33	330	C P 	4315	32825	75000000
TSLA  		2024	01	19	50	000	C P 	2166	31105	75000000
TSLA  		2024	01	19	55	000	C P 	80	1490	75000000
TSLA  		2024	01	19	60	000	C P 	249	2621	75000000
TSLA  		2024	01	19	65	000	C P 	266	750	75000000
TSLA  		2024	01	19	66	670	C P 	4703	14826	75000000
TSLA  		2024	01	19	70	000	C P 	155	820	75000000
TSLA  		2024	01	19	75	000	C P 	91	1162	75000000
TSLA  		2024	01	19	80	000	C P 	405	2058	75000000
TSLA  		2024	01	19	83	330	C P 	1066	8128	75000000
TSLA  		2024	01	19	85	000	C P 	511	438	75000000
TSLA  		2024	01	19	90	000	C P 	3548	1339	75000000
TSLA  		2024	01	19	95	000	C P 	2980	1535	75000000
TSLA  		2024	01	19	100	000	C P 	13992	40712	75000000
TSLA  		2024	01	19	105	000	C P 	1278	2118	75000000
TSLA  		2024	01	19	110	000	C P 	4800	7100	75000000
TSLA  		2024	01	19	115	000	C P 	4674	5604	75000000
TSLA  		2024	01	19	116	670	C P 	1928	8398	75000000
TSLA  		2024	01	19	120	000	C P 	3435	6486	75000000
TSLA  		2024	01	19	123	330	C P 	1962	2225	75000000
TSLA  		2024	01	19	125	000	C P 	2403	13688	75000000
TSLA  		2024	01	19	126	670	C P 	1743	6632	75000000
TSLA  		2024	01	19	130	000	C P 	5082	11787	75000000
TSLA  		2024	01	19	133	330	C P 	2435	11092	75000000
TSLA  		2024	01	19	135	000	C P 	1260	1310	75000000
TSLA  		2024	01	19	136	670	C P 	2432	2315	75000000
TSLA  		2024	01	19	140	000	C P 	5091	4278	75000000
TSLA  		2024	01	19	143	330	C P 	1673	2303	75000000
TSLA  		2024	01	19	145	000	C P 	782	872	75000000
TSLA  		2024	01	19	146	670	C P 	1043	1006	75000000
TSLA  		2024	01	19	150	000	C P 	17792	22398	75000000
TSLA  		2024	01	19	153	330	C P 	10512	1071	75000000
TSLA  		2024	01	19	155	000	C P 	562	1443	75000000
TSLA  		2024	01	19	156	670	C P 	1725	876	75000000
TSLA  		2024	01	19	160	000	C P 	3098	12504	75000000
TSLA  		2024	01	19	163	330	C P 	476	8272	75000000
TSLA  		2024	01	19	165	000	C P 	694	578	75000000
TSLA  		2024	01	19	166	670	C P 	6754	6888	75000000
TSLA  		2024	01	19	170	000	C P 	2798	6361	75000000
TSLA  		2024	01	19	173	330	C P 	854	2583	75000000
TSLA  		2024	01	19	175	000	C P 	1733	3966	75000000
TSLA  		2024	01	19	176	670	C P 	1021	1262	75000000
TSLA  		2024	01	19	180	000	C P 	39015	11069	75000000
TSLA  		2024	01	19	183	330	C P 	34445	7441	75000000
TSLA  		2024	01	19	185	000	C P 	1350	783	75000000
TSLA  		2024	01	19	186	670	C P 	1265	2295	75000000
TSLA  		2024	01	19	190	000	C P 	1650	748	75000000
TSLA  		2024	01	19	193	330	C P 	2291	9809	75000000
TSLA  		2024	01	19	195	000	C P 	715	1970	75000000
TSLA  		2024	01	19	200	000	C P 	33561	24239	75000000
TSLA  		2024	01	19	203	330	C P 	6322	2366	75000000
TSLA  		2024	01	19	206	670	C P 	1687	1282	75000000
TSLA  		2024	01	19	210	000	C P 	11305	6915	75000000
TSLA  		2024	01	19	213	330	C P 	1752	2696	75000000
TSLA  		2024	01	19	216	670	C P 	8598	6745	75000000
TSLA  		2024	01	19	220	000	C P 	6995	7211	75000000
TSLA  		2024	01	19	223	330	C P 	6080	1684	75000000
TSLA  		2024	01	19	226	670	C P 	20006	2995	75000000
TSLA  		2024	01	19	230	000	C P 	14562	18666	75000000
TSLA  		2024	01	19	233	330	C P 	36933	13573	75000000
TSLA  		2024	01	19	236	670	C P 	2009	1701	75000000
TSLA  		2024	01	19	240	000	C P 	4586	3780	75000000
TSLA  		2024	01	19	243	330	C P 	1284	2021	75000000
TSLA  		2024	01	19	246	670	C P 	1176	2109	75000000
TSLA  		2024	01	19	250	000	C P 	22317	5347	75000000
TSLA  		2024	01	19	253	330	C P 	2866	2090	75000000
TSLA  		2024	01	19	256	670	C P 	2827	1641	75000000
TSLA  		2024	01	19	260	000	C P 	7640	3240	75000000
TSLA  		2024	01	19	263	330	C P 	7760	2159	75000000
TSLA  		2024	01	19	266	670	C P 	10209	8799	75000000
TSLA  		2024	01	19	270	000	C P 	4644	5210	75000000
TSLA  		2024	01	19	273	330	C P 	3397	3092	75000000
TSLA  		2024	01	19	276	670	C P 	1972	1781	75000000
TSLA  		2024	01	19	280	000	C P 	9258	6511	75000000
TSLA  		2024	01	19	283	330	C P 	3144	3089	75000000
TSLA  		2024	01	19	286	670	C P 	2472	1509	75000000
TSLA  		2024	01	19	290	000	C P 	9075	577	75000000
TSLA  		2024	01	19	293	330	C P 	2902	1990	75000000
TSLA  		2024	01	19	296	670	C P 	2177	1688	75000000
TSLA  		2024	01	19	300	000	C P 	25697	6205	75000000
TSLA  		2024	01	19	303	330	C P 	3451	289	75000000
TSLA  		2024	01	19	306	670	C P 	6582	133	75000000
TSLA  		2024	01	19	310	000	C P 	3712	1038	75000000
TSLA  		2024	01	19	313	330	C P 	1200	27	75000000
TSLA  		2024	01	19	316	670	C P 	4149	306	75000000
TSLA  		2024	01	19	320	000	C P 	6238	326	75000000
TSLA  		2024	01	19	323	330	C P 	453	268	75000000
TSLA  		2024	01	19	325	000	C P 	10243	135	75000000
TSLA  		2024	01	19	326	670	C P 	1376	630	75000000
TSLA  		2024	01	19	330	000	C P 	7460	11	75000000
TSLA  		2024	01	19	333	330	C P 	30441	1739	75000000
TSLA  		2024	01	19	336	670	C P 	1467	7	75000000
TSLA  		2024	01	19	340	000	C P 	3702	5	75000000
TSLA  		2024	01	19	341	670	C P 	865	10	75000000
TSLA  		2024	01	19	343	330	C P 	552	0	75000000
TSLA  		2024	01	19	346	670	C P 	2398	3	75000000
TSLA  		2024	01	19	350	000	C P 	15646	761	75000000
TSLA  		2024	01	19	353	330	C P 	1162	0	75000000
TSLA  		2024	01	19	356	670	C P 	902	0	75000000
TSLA  		2024	01	19	358	330	C P 	1240	3	75000000
TSLA  		2024	01	19	360	000	C P 	9291	600	75000000
TSLA  		2024	01	19	363	330	C P 	517	7	75000000
TSLA  		2024	01	19	366	670	C P 	38808	2807	75000000
TSLA  		2024	01	19	370	000	C P 	5981	4	75000000
TSLA  		2024	01	19	373	330	C P 	1058	12	75000000
TSLA  		2024	01	19	375	000	C P 	11422	8	75000000
TSLA  		2024	01	19	376	670	C P 	553	106	75000000
TSLA  		2024	01	19	380	000	C P 	1101	2	75000000
TSLA  		2024	01	19	383	330	C P 	3090	3	75000000
TSLA  		2024	01	19	386	670	C P 	408	203	75000000
TSLA  		2024	01	19	390	000	C P 	920	1	75000000
TSLA  		2024	01	19	391	670	C P 	2333	1	75000000
TSLA  		2024	01	19	393	330	C P 	519	4	75000000
TSLA  		2024	01	19	396	670	C P 	2706	0	75000000
TSLA  		2024	01	19	400	000	C P 	40275	1021	75000000
TSLA  		2024	01	19	408	330	C P 	5168	21	75000000
TSLA  		2024	01	19	416	670	C P 	4048	2172	75000000
TSLA  		2024	01	19	425	000	C P 	4526	18	75000000
TSLA  		2024	01	19	433	330	C P 	5781	3	75000000
TSLA  		2024	01	19	441	670	C P 	1302	0	75000000
TSLA  		2024	01	19	450	000	C P 	8081	2427	75000000
TSLA  		2024	01	19	458	330	C P 	2000	0	75000000
TSLA  		2024	01	19	466	670	C P 	27612	0	75000000
TSLA  		2024	01	19	475	000	C P 	5073	195	75000000
TSLA  		2024	01	19	483	330	C P 	1583	20	75000000
TSLA  		2024	01	19	491	670	C P 	2149	0	75000000
TSLA  		2024	01	19	500	000	C P 	36511	170	75000000
TSLA  		2024	01	19	516	670	C P 	4838	0	75000000
TSLA  		2024	01	19	533	330	C P 	20823	0	75000000
TSLA  		2024	01	19	550	000	C P 	16150	0	75000000
TSLA  		2024	01	19	558	330	C P 	1202	0	75000000
TSLA  		2024	01	19	566	670	C P 	11406	0	75000000
TSLA  		2024	01	19	575	000	C P 	13825	0	75000000
TSLA  		2024	01	19	583	330	C P 	13822	0	75000000
TSLA  		2024	01	19	591	670	C P 	2279	0	75000000
TSLA  		2024	01	19	600	000	C P 	18634	0	75000000
TSLA  		2024	01	19	608	330	C P 	2281	0	75000000
TSLA  		2024	01	19	616	670	C P 	11852	0	75000000
TSLA  		2024	01	19	625	000	C P 	2414	0	75000000
TSLA  		2024	01	19	633	330	C P 	5738	0	75000000
TSLA  		2024	01	19	641	670	C P 	929	0	75000000
TSLA  		2024	01	19	650	000	C P 	3209	0	75000000
TSLA  		2024	01	19	666	670	C P 	40730	0	75000000
TSLA  		2024	01	19	675	000	C P 	4361	0	75000000
TSLA  		2024	01	19	683	330	C P 	7130	0	75000000
TSLA  		2024	01	19	691	670	C P 	1564	0	75000000
TSLA  		2024	01	19	700	000	C P 	5364	0	75000000
TSLA  		2024	01	19	708	330	C P 	761	0	75000000
TSLA  		2024	01	19	716	670	C P 	6075	0	75000000
TSLA  		2024	01	19	725	000	C P 	2692	3	75000000
TSLA  		2024	01	19	733	330	C P 	3398	0	75000000
TSLA  		2024	01	19	741	670	C P 	805	0	75000000
TSLA  		2024	01	19	750	000	C P 	2346	0	75000000
TSLA  		2024	01	19	758	330	C P 	932	0	75000000
TSLA  		2024	01	19	766	670	C P 	2113	0	75000000
TSLA  		2024	01	19	775	000	C P 	2829	0	75000000
TSLA  		2024	01	19	783	330	C P 	694	0	75000000
TSLA  		2024	01	19	791	670	C P 	3183	0	75000000
TSLA  		2024	01	19	800	000	C P 	13926	0	75000000
TSLA  		2024	01	19	808	330	C P 	3927	0	75000000
TSLA  		2024	01	19	816	670	C P 	5822	1	75000000
TSLA  		2024	01	19	825	000	C P 	77571	0	75000000
TSLA  		2024	03	15	1	670	C P 	106	1895	75000000
TSLA  		2024	03	15	3	330	C P 	22	779	75000000
TSLA  		2024	03	15	5	000	C P 	64	896	75000000
TSLA  		2024	03	15	6	670	C P 	6	93	75000000
TSLA  		2024	03	15	8	330	C P 	16	42	75000000
TSLA  		2024	03	15	10	000	C P 	17	336	75000000
TSLA  		2024	03	15	11	670	C P 	11	420	75000000
TSLA  		2024	03	15	13	330	C P 	21	55	75000000
TSLA  		2024	03	15	15	000	C P 	24	423	75000000
TSLA  		2024	03	15	16	670	C P 	124	233	75000000
TSLA  		2024	03	15	33	330	C P 	809	2003	75000000
TSLA  		2024	03	15	50	000	C P 	452	5792	75000000
TSLA  		2024	03	15	55	000	C P 	30	303	75000000
TSLA  		2024	03	15	60	000	C P 	45	858	75000000
TSLA  		2024	03	15	65	000	C P 	31	828	75000000
TSLA  		2024	03	15	66	670	C P 	2037	1010	75000000
TSLA  		2024	03	15	70	000	C P 	50	238	75000000
TSLA  		2024	03	15	75	000	C P 	20	452	75000000
TSLA  		2024	03	15	80	000	C P 	191	558	75000000
TSLA  		2024	03	15	83	330	C P 	999	4510	75000000
TSLA  		2024	03	15	85	000	C P 	291	359	75000000
TSLA  		2024	03	15	90	000	C P 	768	776	75000000
TSLA  		2024	03	15	95	000	C P 	1561	411	75000000
TSLA  		2024	03	15	100	000	C P 	3357	3186	75000000
TSLA  		2024	03	15	105	000	C P 	819	729	75000000
TSLA  		2024	03	15	110	000	C P 	913	2548	75000000
TSLA  		2024	03	15	115	000	C P 	2046	211	75000000
TSLA  		2024	03	15	116	670	C P 	609	1050	75000000
TSLA  		2024	03	15	120	000	C P 	327	686	75000000
TSLA  		2024	03	15	125	000	C P 	793	742	75000000
TSLA  		2024	03	15	130	000	C P 	1556	543	75000000
TSLA  		2024	03	15	133	330	C P 	590	5742	75000000
TSLA  		2024	03	15	135	000	C P 	206	307	75000000
TSLA  		2024	03	15	140	000	C P 	223	276	75000000
TSLA  		2024	03	15	141	670	C P 	567	334	75000000
TSLA  		2024	03	15	145	000	C P 	300	384	75000000
TSLA  		2024	03	15	150	000	C P 	1299	4452	75000000
TSLA  		2024	03	15	155	000	C P 	88	210	75000000
TSLA  		2024	03	15	158	330	C P 	174	583	75000000
TSLA  		2024	03	15	160	000	C P 	243	4374	75000000
TSLA  		2024	03	15	165	000	C P 	151	3893	75000000
TSLA  		2024	03	15	166	670	C P 	587	1181	75000000
TSLA  		2024	03	15	170	000	C P 	290	8894	75000000
TSLA  		2024	03	15	175	000	C P 	746	1943	75000000
TSLA  		2024	03	15	180	000	C P 	300	644	75000000
TSLA  		2024	03	15	183	330	C P 	514	1196	75000000
TSLA  		2024	03	15	185	000	C P 	252	260	75000000
TSLA  		2024	03	15	190	000	C P 	1208	273	75000000
TSLA  		2024	03	15	191	670	C P 	1475	1393	75000000
TSLA  		2024	03	15	195	000	C P 	550	134	75000000
TSLA  		2024	03	15	200	000	C P 	5289	4700	75000000
TSLA  		2024	03	15	208	330	C P 	1199	725	75000000
TSLA  		2024	03	15	210	000	C P 	505	199	75000000
TSLA  		2024	03	15	216	670	C P 	1509	841	75000000
TSLA  		2024	03	15	220	000	C P 	525	65	75000000
TSLA  		2024	03	15	225	000	C P 	2073	2421	75000000
TSLA  		2024	03	15	230	000	C P 	282	82	75000000
TSLA  		2024	03	15	233	330	C P 	1625	996	75000000
TSLA  		2024	03	15	240	000	C P 	182	51	75000000
TSLA  		2024	03	15	241	670	C P 	1131	955	75000000
TSLA  		2024	03	15	250	000	C P 	2162	1406	75000000
TSLA  		2024	03	15	258	330	C P 	4133	1036	75000000
TSLA  		2024	03	15	260	000	C P 	586	95	75000000
TSLA  		2024	03	15	266	670	C P 	4467	810	75000000
TSLA  		2024	03	15	270	000	C P 	309	3	75000000
TSLA  		2024	03	15	275	000	C P 	8969	1011	75000000
TSLA  		2024	03	15	280	000	C P 	152	89	75000000
TSLA  		2024	03	15	283	330	C P 	1140	709	75000000
TSLA  		2024	03	15	290	000	C P 	14	4	75000000
TSLA  		2024	03	15	291	670	C P 	1289	129	75000000
TSLA  		2024	03	15	300	000	C P 	4867	706	75000000
TSLA  		2024	03	15	308	330	C P 	407	41	75000000
TSLA  		2024	03	15	310	000	C P 	23	0	75000000
TSLA  		2024	03	15	316	670	C P 	934	391	75000000
TSLA  		2024	03	15	325	000	C P 	1578	17	75000000
TSLA  		2024	03	15	333	330	C P 	1071	27	75000000
TSLA  		2024	03	15	341	670	C P 	294	45	75000000
TSLA  		2024	03	15	350	000	C P 	887	82	75000000
TSLA  		2024	03	15	358	330	C P 	464	69	75000000
TSLA  		2024	03	15	366	670	C P 	535	250	75000000
TSLA  		2024	03	15	375	000	C P 	827	2	75000000
TSLA  		2024	03	15	383	330	C P 	194	1338	75000000
TSLA  		2024	03	15	391	670	C P 	316	8	75000000
TSLA  		2024	03	15	400	000	C P 	1291	221	75000000
TSLA  		2024	03	15	408	330	C P 	636	53	75000000
TSLA  		2024	03	15	416	670	C P 	367	366	75000000
TSLA  		2024	03	15	425	000	C P 	891	48	75000000
TSLA  		2024	03	15	433	330	C P 	566	0	75000000
TSLA  		2024	03	15	441	670	C P 	171	0	75000000
TSLA  		2024	03	15	450	000	C P 	1476	0	75000000
TSLA  		2024	03	15	458	330	C P 	245	2	75000000
TSLA  		2024	03	15	466	670	C P 	823	0	75000000
TSLA  		2024	03	15	475	000	C P 	432	0	75000000
TSLA  		2024	03	15	483	330	C P 	488	0	75000000
TSLA  		2024	03	15	491	670	C P 	321	0	75000000
TSLA  		2024	03	15	500	000	C P 	2966	0	75000000
TSLA  		2024	03	15	508	330	C P 	227	0	75000000
TSLA  		2024	03	15	516	670	C P 	690	0	75000000
TSLA  		2024	03	15	525	000	C P 	118	0	75000000
TSLA  		2024	03	15	533	330	C P 	221	0	75000000
TSLA  		2024	03	15	541	670	C P 	165	0	75000000
TSLA  		2024	03	15	550	000	C P 	540	0	75000000
TSLA  		2024	03	15	558	330	C P 	264	0	75000000
TSLA  		2024	03	15	566	670	C P 	386	0	75000000
TSLA  		2024	03	15	575	000	C P 	671	0	75000000
TSLA  		2024	03	15	583	330	C P 	491	0	75000000
TSLA  		2024	03	15	600	000	C P 	3922	1	75000000
TSLA  		2024	06	21	1	670	C P 	629	16460	75000000
TSLA  		2024	06	21	3	330	C P 	149	3280	75000000
TSLA  		2024	06	21	5	000	C P 	20	1519	75000000
TSLA  		2024	06	21	6	670	C P 	219	1218	75000000
TSLA  		2024	06	21	8	330	C P 	121	368	75000000
TSLA  		2024	06	21	10	000	C P 	275	1827	75000000
TSLA  		2024	06	21	11	670	C P 	540	336	75000000
TSLA  		2024	06	21	13	330	C P 	36	217	75000000
TSLA  		2024	06	21	16	670	C P 	1407	3649	75000000
TSLA  		2024	06	21	33	330	C P 	7801	5342	75000000
TSLA  		2024	06	21	50	000	C P 	1903	4845	75000000
TSLA  		2024	06	21	55	000	C P 	6	383	75000000
TSLA  		2024	06	21	60	000	C P 	57	511	75000000
TSLA  		2024	06	21	65	000	C P 	114	2124	75000000
TSLA  		2024	06	21	66	670	C P 	1877	4359	75000000
TSLA  		2024	06	21	70	000	C P 	48	270	75000000
TSLA  		2024	06	21	75	000	C P 	74	196	75000000
TSLA  		2024	06	21	80	000	C P 	113	1475	75000000
TSLA  		2024	06	21	83	330	C P 	30601	4178	75000000
TSLA  		2024	06	21	85	000	C P 	60	862	75000000
TSLA  		2024	06	21	90	000	C P 	530	1185	75000000
TSLA  		2024	06	21	95	000	C P 	363	428	75000000
TSLA  		2024	06	21	100	000	C P 	5365	9902	75000000
TSLA  		2024	06	21	105	000	C P 	798	912	75000000
TSLA  		2024	06	21	110	000	C P 	495	2231	75000000
TSLA  		2024	06	21	115	000	C P 	414	254	75000000
TSLA  		2024	06	21	116	670	C P 	2471	1020	75000000
TSLA  		2024	06	21	120	000	C P 	573	1241	75000000
TSLA  		2024	06	21	123	330	C P 	643	3519	75000000
TSLA  		2024	06	21	125	000	C P 	166	2237	75000000
TSLA  		2024	06	21	126	670	C P 	668	1267	75000000
TSLA  		2024	06	21	130	000	C P 	840	1826	75000000
TSLA  		2024	06	21	133	330	C P 	1916	2857	75000000
TSLA  		2024	06	21	135	000	C P 	60	383	75000000
TSLA  		2024	06	21	136	670	C P 	425	1837	75000000
TSLA  		2024	06	21	140	000	C P 	1502	2594	75000000
TSLA  		2024	06	21	143	330	C P 	1405	1654	75000000
TSLA  		2024	06	21	145	000	C P 	618	218	75000000
TSLA  		2024	06	21	146	670	C P 	1653	563	75000000
TSLA  		2024	06	21	150	000	C P 	4380	9851	75000000
TSLA  		2024	06	21	153	330	C P 	296	853	75000000
TSLA  		2024	06	21	155	000	C P 	84	446	75000000
TSLA  		2024	06	21	156	670	C P 	384	272	75000000
TSLA  		2024	06	21	160	000	C P 	881	2743	75000000
TSLA  		2024	06	21	163	330	C P 	186	1441	75000000
TSLA  		2024	06	21	165	000	C P 	347	897	75000000
TSLA  		2024	06	21	166	670	C P 	1725	5526	75000000
TSLA  		2024	06	21	170	000	C P 	311	879	75000000
TSLA  		2024	06	21	173	330	C P 	594	5866	75000000
TSLA  		2024	06	21	175	000	C P 	939	397	75000000
TSLA  		2024	06	21	180	000	C P 	1364	6672	75000000
TSLA  		2024	06	21	183	330	C P 	931	3710	75000000
TSLA  		2024	06	21	185	000	C P 	296	239	75000000
TSLA  		2024	06	21	186	670	C P 	1322	1656	75000000
TSLA  		2024	06	21	190	000	C P 	332	120	75000000
TSLA  		2024	06	21	193	330	C P 	1020	4295	75000000
TSLA  		2024	06	21	195	000	C P 	233	914	75000000
TSLA  		2024	06	21	200	000	C P 	4783	9900	75000000
TSLA  		2024	06	21	206	670	C P 	1076	2902	75000000
TSLA  		2024	06	21	210	000	C P 	420	139	75000000
TSLA  		2024	06	21	213	330	C P 	827	1202	75000000
TSLA  		2024	06	21	216	670	C P 	1658	5370	75000000
TSLA  		2024	06	21	220	000	C P 	2535	2408	75000000
TSLA  		2024	06	21	226	670	C P 	2601	3504	75000000
TSLA  		2024	06	21	230	000	C P 	538	148	75000000
TSLA  		2024	06	21	233	330	C P 	6654	7245	75000000
TSLA  		2024	06	21	240	000	C P 	2140	4867	75000000
TSLA  		2024	06	21	246	670	C P 	2259	1234	75000000
TSLA  		2024	06	21	250	000	C P 	5544	3591	75000000
TSLA  		2024	06	21	253	330	C P 	1312	852	75000000
TSLA  		2024	06	21	260	000	C P 	2077	950	75000000
TSLA  		2024	06	21	266	670	C P 	10108	3339	75000000
TSLA  		2024	06	21	270	000	C P 	1455	1885	75000000
TSLA  		2024	06	21	273	330	C P 	1257	792	75000000
TSLA  		2024	06	21	276	670	C P 	1023	809	75000000
TSLA  		2024	06	21	280	000	C P 	1242	1601	75000000
TSLA  		2024	06	21	283	330	C P 	3609	1362	75000000
TSLA  		2024	06	21	286	670	C P 	1004	766	75000000
TSLA  		2024	06	21	290	000	C P 	2338	1161	75000000
TSLA  		2024	06	21	293	330	C P 	1112	970	75000000
TSLA  		2024	06	21	296	670	C P 	1020	361	75000000
TSLA  		2024	06	21	300	000	C P 	9303	840	75000000
TSLA  		2024	06	21	303	330	C P 	1422	687	75000000
TSLA  		2024	06	21	306	670	C P 	1514	269	75000000
TSLA  		2024	06	21	310	000	C P 	1824	519	75000000
TSLA  		2024	06	21	313	330	C P 	1249	722	75000000
TSLA  		2024	06	21	316	670	C P 	2377	59	75000000
TSLA  		2024	06	21	320	000	C P 	696	664	75000000
TSLA  		2024	06	21	323	330	C P 	457	309	75000000
TSLA  		2024	06	21	326	670	C P 	573	315	75000000
TSLA  		2024	06	21	330	000	C P 	2725	127	75000000
TSLA  		2024	06	21	333	330	C P 	7542	1108	75000000
TSLA  		2024	06	21	336	670	C P 	2328	248	75000000
TSLA  		2024	06	21	340	000	C P 	781	121	75000000
TSLA  		2024	06	21	343	330	C P 	1222	146	75000000
TSLA  		2024	06	21	346	670	C P 	399	73	75000000
TSLA  		2024	06	21	350	000	C P 	3458	12	75000000
TSLA  		2024	06	21	353	330	C P 	199	70	75000000
TSLA  		2024	06	21	356	670	C P 	479	53	75000000
TSLA  		2024	06	21	360	000	C P 	2634	33	75000000
TSLA  		2024	06	21	363	330	C P 	357	0	75000000
TSLA  		2024	06	21	366	670	C P 	4711	11	75000000
TSLA  		2024	06	21	370	000	C P 	3066	9	75000000
TSLA  		2024	06	21	373	330	C P 	559	52	75000000
TSLA  		2024	06	21	376	670	C P 	798	0	75000000
TSLA  		2024	06	21	380	000	C P 	1033	15	75000000
TSLA  		2024	06	21	383	330	C P 	1014	12	75000000
TSLA  		2024	06	21	386	670	C P 	302	7	75000000
TSLA  		2024	06	21	390	000	C P 	435	3	75000000
TSLA  		2024	06	21	393	330	C P 	890	2	75000000
TSLA  		2024	06	21	396	670	C P 	793	2	75000000
TSLA  		2024	06	21	400	000	C P 	38693	35	75000000
TSLA  		2024	06	21	416	670	C P 	3082	1	75000000
TSLA  		2024	06	21	433	330	C P 	3267	0	75000000
TSLA  		2024	06	21	450	000	C P 	3059	0	75000000
TSLA  		2024	06	21	466	670	C P 	5444	0	75000000
TSLA  		2024	06	21	483	330	C P 	1179	0	75000000
TSLA  		2024	06	21	500	000	C P 	11155	0	75000000
TSLA  		2024	06	21	516	670	C P 	2092	0	75000000
TSLA  		2024	06	21	533	330	C P 	3103	0	75000000
TSLA  		2024	06	21	550	000	C P 	2631	0	75000000
TSLA  		2024	06	21	566	670	C P 	1007	0	75000000
TSLA  		2024	06	21	583	330	C P 	1038	0	75000000
TSLA  		2024	06	21	600	000	C P 	17204	0	75000000
TSLA  		2024	06	21	616	670	C P 	14009	0	75000000
TSLA  		2024	06	21	633	330	C P 	4532	0	75000000
TSLA  		2024	06	21	650	000	C P 	617	0	75000000
TSLA  		2024	06	21	666	670	C P 	6402	0	75000000
TSLA  		2024	06	21	683	330	C P 	1687	0	75000000
TSLA  		2024	06	21	700	000	C P 	3974	0	75000000
TSLA  		2024	06	21	716	670	C P 	903	0	75000000
TSLA  		2024	06	21	733	330	C P 	2191	0	75000000
TSLA  		2024	06	21	750	000	C P 	5796	1	75000000
TSLA  		2024	06	21	758	330	C P 	14350	0	75000000
TSLA  		2024	09	20	50	000	C P 	45	927	75000000
TSLA  		2024	09	20	55	000	C P 	29	176	75000000
TSLA  		2024	09	20	60	000	C P 	10	146	75000000
TSLA  		2024	09	20	65	000	C P 	38	79	75000000
TSLA  		2024	09	20	70	000	C P 	11	126	75000000
TSLA  		2024	09	20	75	000	C P 	10	2323	75000000
TSLA  		2024	09	20	80	000	C P 	66	142	75000000
TSLA  		2024	09	20	85	000	C P 	987	454	75000000
TSLA  		2024	09	20	90	000	C P 	47	196	75000000
TSLA  		2024	09	20	95	000	C P 	24	442	75000000
TSLA  		2024	09	20	100	000	C P 	387	2231	75000000
TSLA  		2024	09	20	105	000	C P 	188	725	75000000
TSLA  		2024	09	20	110	000	C P 	162	1098	75000000
TSLA  		2024	09	20	115	000	C P 	563	604	75000000
TSLA  		2024	09	20	120	000	C P 	717	550	75000000
TSLA  		2024	09	20	125	000	C P 	321	1201	75000000
TSLA  		2024	09	20	130	000	C P 	636	840	75000000
TSLA  		2024	09	20	135	000	C P 	580	282	75000000
TSLA  		2024	09	20	140	000	C P 	1094	354	75000000
TSLA  		2024	09	20	145	000	C P 	1292	357	75000000
TSLA  		2024	09	20	150	000	C P 	1448	2752	75000000
TSLA  		2024	09	20	155	000	C P 	529	309	75000000
TSLA  		2024	09	20	160	000	C P 	432	818	75000000
TSLA  		2024	09	20	165	000	C P 	279	111	75000000
TSLA  		2024	09	20	170	000	C P 	205	305	75000000
TSLA  		2024	09	20	175	000	C P 	236	126	75000000
TSLA  		2024	09	20	180	000	C P 	733	107	75000000
TSLA  		2024	09	20	185	000	C P 	835	934	75000000
TSLA  		2024	09	20	190	000	C P 	1506	128	75000000
TSLA  		2024	09	20	195	000	C P 	1416	119	75000000
TSLA  		2024	09	20	200	000	C P 	1776	1447	75000000
TSLA  		2024	09	20	210	000	C P 	767	269	75000000
TSLA  		2024	09	20	220	000	C P 	1400	421	75000000
TSLA  		2024	09	20	230	000	C P 	729	121	75000000
TSLA  		2024	09	20	240	000	C P 	483	306	75000000
TSLA  		2024	09	20	250	000	C P 	888	366	75000000
TSLA  		2024	09	20	260	000	C P 	905	70	75000000
TSLA  		2024	09	20	270	000	C P 	627	534	75000000
TSLA  		2024	09	20	280	000	C P 	328	579	75000000
TSLA  		2024	09	20	290	000	C P 	469	2811	75000000
TSLA  		2024	09	20	300	000	C P 	1083	1250	75000000
TSLA  		2024	09	20	310	000	C P 	180	788	75000000
TSLA  		2024	09	20	320	000	C P 	112	261	75000000
TSLA  		2024	09	20	330	000	C P 	113	118	75000000
TSLA  		2024	09	20	340	000	C P 	705	141	75000000
TSLA  		2024	09	20	350	000	C P 	1447	161	75000000
TSLA  		2024	09	20	360	000	C P 	56	85	75000000
TSLA  		2024	09	20	370	000	C P 	80	24	75000000
TSLA  		2024	09	20	380	000	C P 	94	4	75000000
TSLA  		2024	09	20	390	000	C P 	269	17	75000000
TSLA  		2024	09	20	400	000	C P 	5	20	75000000
TSLA  		2024	09	20	410	000	C P 	48	40	75000000
TSLA  		2025	01	17	5	000	C P 	659	11643	75000000
TSLA  		2025	01	17	10	000	C P 	139	917	75000000
TSLA  		2025	01	17	15	000	C P 	29	867	75000000
TSLA  		2025	01	17	20	000	C P 	385	5810	75000000
TSLA  		2025	01	17	25	000	C P 	103	2576	75000000
TSLA  		2025	01	17	30	000	C P 	13821	16564	75000000
TSLA  		2025	01	17	35	000	C P 	265	1156	75000000
TSLA  		2025	01	17	40	000	C P 	14708	15785	75000000
TSLA  		2025	01	17	45	000	C P 	2979	3202	75000000
TSLA  		2025	01	17	50	000	C P 	2719	8556	75000000
TSLA  		2025	01	17	55	000	C P 	2003	4257	75000000
TSLA  		2025	01	17	60	000	C P 	592	1963	75000000
TSLA  		2025	01	17	65	000	C P 	1639	1573	75000000
TSLA  		2025	01	17	70	000	C P 	2496	2233	75000000
TSLA  		2025	01	17	75	000	C P 	177	4295	75000000
TSLA  		2025	01	17	80	000	C P 	1303	1873	75000000
TSLA  		2025	01	17	85	000	C P 	1827	1608	75000000
TSLA  		2025	01	17	90	000	C P 	1065	5521	75000000
TSLA  		2025	01	17	95	000	C P 	141	504	75000000
TSLA  		2025	01	17	100	000	C P 	5370	17922	75000000
TSLA  		2025	01	17	105	000	C P 	323	1669	75000000
TSLA  		2025	01	17	110	000	C P 	5448	7106	75000000
TSLA  		2025	01	17	115	000	C P 	3213	3250	75000000
TSLA  		2025	01	17	120	000	C P 	8406	6114	75000000
TSLA  		2025	01	17	125	000	C P 	2152	1166	75000000
TSLA  		2025	01	17	130	000	C P 	5623	7215	75000000
TSLA  		2025	01	17	135	000	C P 	5700	722	75000000
TSLA  		2025	01	17	140	000	C P 	8628	4664	75000000
TSLA  		2025	01	17	145	000	C P 	766	686	75000000
TSLA  		2025	01	17	150	000	C P 	11369	12415	75000000
TSLA  		2025	01	17	155	000	C P 	418	501	75000000
TSLA  		2025	01	17	160	000	C P 	4576	5532	75000000
TSLA  		2025	01	17	165	000	C P 	262	949	75000000
TSLA  		2025	01	17	170	000	C P 	35369	10317	75000000
TSLA  		2025	01	17	175	000	C P 	33428	4520	75000000
TSLA  		2025	01	17	180	000	C P 	3667	8111	75000000
TSLA  		2025	01	17	185	000	C P 	7133	4534	75000000
TSLA  		2025	01	17	190	000	C P 	5657	4771	75000000
TSLA  		2025	01	17	195	000	C P 	3233	1739	75000000
TSLA  		2025	01	17	200	000	C P 	29385	13561	75000000
TSLA  		2025	01	17	210	000	C P 	5319	2747	75000000
TSLA  		2025	01	17	220	000	C P 	2991	4087	75000000
TSLA  		2025	01	17	230	000	C P 	4196	3305	75000000
TSLA  		2025	01	17	240	000	C P 	4746	4814	75000000
TSLA  		2025	01	17	250	000	C P 	11822	5225	75000000
TSLA  		2025	01	17	260	000	C P 	5617	1944	75000000
TSLA  		2025	01	17	270	000	C P 	3109	1337	75000000
TSLA  		2025	01	17	280	000	C P 	2230	3357	75000000
TSLA  		2025	01	17	290	000	C P 	3457	2807	75000000
TSLA  		2025	01	17	300	000	C P 	30480	3058	75000000
TSLA  		2025	01	17	310	000	C P 	4378	711	75000000
TSLA  		2025	01	17	320	000	C P 	2119	793	75000000
TSLA  		2025	01	17	330	000	C P 	2299	1018	75000000
TSLA  		2025	01	17	340	000	C P 	1405	464	75000000
TSLA  		2025	01	17	350	000	C P 	7162	875	75000000
TSLA  		2025	01	17	360	000	C P 	1941	294	75000000
TSLA  		2025	01	17	370	000	C P 	1829	325	75000000
TSLA  		2025	01	17	380	000	C P 	1376	212	75000000
TSLA  		2025	01	17	390	000	C P 	1721	96	75000000
TSLA  		2025	01	17	400	000	C P 	19710	406	75000000
TSLA  		2025	01	17	410	000	C P 	4447	70	75000000
TSLA  		2025	01	17	420	000	C P 	4177	34	75000000
TSLA  		2025	01	17	430	000	C P 	606	3	75000000
TSLA  		2025	01	17	440	000	C P 	1603	10	75000000
TSLA  		2025	01	17	450	000	C P 	5177	8	75000000
TSLA  		2025	01	17	460	000	C P 	1010	14	75000000
TSLA  		2025	01	17	470	000	C P 	1553	67	75000000
TSLA  		2025	01	17	480	000	C P 	1256	1	75000000
TSLA  		2025	01	17	490	000	C P 	798	0	75000000
TSLA  		2025	01	17	500	000	C P 	11586	20	75000000
TSLA  		2025	01	17	510	000	C P 	1627	256	75000000
TSLA  		2025	01	17	520	000	C P 	8349	1	75000000
TSLA  		2025	01	17	530	000	C P 	643	0	75000000
TSLA  		2025	01	17	540	000	C P 	603	0	75000000
TSLA  		2025	01	17	550	000	C P 	3092	1	75000000
TSLA  		2025	01	17	560	000	C P 	632	1	75000000
TSLA  		2025	01	17	570	000	C P 	660	0	75000000
TSLA  		2025	01	17	580	000	C P 	883	0	75000000
TSLA  		2025	01	17	590	000	C P 	758	1	75000000
TSLA  		2025	01	17	600	000	C P 	15720	0	75000000
TSLA  		2025	01	17	610	000	C P 	18023	0	75000000
TSLA  		2025	06	20	5	000	C P 	232	1678	75000000
TSLA  		2025	06	20	10	000	C P 	5	66	75000000
TSLA  		2025	06	20	15	000	C P 	8	5857	75000000
TSLA  		2025	06	20	20	000	C P 	59	433	75000000
TSLA  		2025	06	20	25	000	C P 	9	168	75000000
TSLA  		2025	06	20	30	000	C P 	86	385	75000000
TSLA  		2025	06	20	35	000	C P 	11	193	75000000
TSLA  		2025	06	20	40	000	C P 	10	336	75000000
TSLA  		2025	06	20	45	000	C P 	17	53	75000000
TSLA  		2025	06	20	50	000	C P 	158	752	75000000
TSLA  		2025	06	20	55	000	C P 	13	54	75000000
TSLA  		2025	06	20	60	000	C P 	15	394	75000000
TSLA  		2025	06	20	65	000	C P 	19	573	75000000
TSLA  		2025	06	20	70	000	C P 	179	130	75000000
TSLA  		2025	06	20	75	000	C P 	134	1299	75000000
TSLA  		2025	06	20	80	000	C P 	808	736	75000000
TSLA  		2025	06	20	85	000	C P 	351	234	75000000
TSLA  		2025	06	20	90	000	C P 	10312	545	75000000
TSLA  		2025	06	20	95	000	C P 	46516	559	75000000
TSLA  		2025	06	20	100	000	C P 	1020	4756	75000000
TSLA  		2025	06	20	105	000	C P 	165	495	75000000
TSLA  		2025	06	20	110	000	C P 	349	1606	75000000
TSLA  		2025	06	20	115	000	C P 	434	369	75000000
TSLA  		2025	06	20	120	000	C P 	526	1050	75000000
TSLA  		2025	06	20	125	000	C P 	485	379	75000000
TSLA  		2025	06	20	130	000	C P 	2601	1588	75000000
TSLA  		2025	06	20	135	000	C P 	4673	273	75000000
TSLA  		2025	06	20	140	000	C P 	972	1859	75000000
TSLA  		2025	06	20	145	000	C P 	406	490	75000000
TSLA  		2025	06	20	150	000	C P 	1408	1435	75000000
TSLA  		2025	06	20	155	000	C P 	404	206	75000000
TSLA  		2025	06	20	160	000	C P 	2174	850	75000000
TSLA  		2025	06	20	165	000	C P 	922	360	75000000
TSLA  		2025	06	20	170	000	C P 	2807	691	75000000
TSLA  		2025	06	20	175	000	C P 	790	1235	75000000
TSLA  		2025	06	20	180	000	C P 	670	461	75000000
TSLA  		2025	06	20	185	000	C P 	2554	201	75000000
TSLA  		2025	06	20	190	000	C P 	531	254	75000000
TSLA  		2025	06	20	195	000	C P 	311	300	75000000
TSLA  		2025	06	20	200	000	C P 	4572	3416	75000000
TSLA  		2025	06	20	205	000	C P 	315	233	75000000
TSLA  		2025	06	20	210	000	C P 	504	212	75000000
TSLA  		2025	06	20	215	000	C P 	266	93	75000000
TSLA  		2025	06	20	220	000	C P 	740	130	75000000
TSLA  		2025	06	20	225	000	C P 	649	190	75000000
TSLA  		2025	06	20	230	000	C P 	485	94	75000000
TSLA  		2025	06	20	235	000	C P 	391	265	75000000
TSLA  		2025	06	20	240	000	C P 	4244	1406	75000000
TSLA  		2025	06	20	250	000	C P 	2462	546	75000000
TSLA  		2025	06	20	260	000	C P 	1053	1350	75000000
TSLA  		2025	06	20	270	000	C P 	653	104	75000000
TSLA  		2025	06	20	280	000	C P 	252	249	75000000
TSLA  		2025	06	20	290	000	C P 	269	399	75000000
TSLA  		2025	06	20	300	000	C P 	2988	676	75000000
TSLA  		2025	06	20	310	000	C P 	326	210	75000000
TSLA  		2025	06	20	320	000	C P 	944	193	75000000
TSLA  		2025	06	20	330	000	C P 	302	290	75000000
TSLA  		2025	06	20	340	000	C P 	473	460	75000000
TSLA  		2025	06	20	350	000	C P 	2677	326	75000000
TSLA  		2025	06	20	360	000	C P 	684	389	75000000
TSLA  		2025	06	20	370	000	C P 	170	433	75000000
TSLA  		2025	06	20	380	000	C P 	118	82	75000000
TSLA  		2025	06	20	390	000	C P 	2561	127	75000000
TSLA  		2025	06	20	400	000	C P 	26	53	75000000
TSLA  		2025	06	20	410	000	C P 	146	104	75000000
