ProductSymbol	Year	Month	Day	Integer	Dec	C/P	Call	Put	PositionLimit	
TSLA  	2023	02	24	15	000	C P 	24	22	75000000
TSLA  	2023	02	24	20	000	C P 	19	2	75000000
TSLA  	2023	02	24	25	000	C P 	19	3	75000000
TSLA  	2023	02	24	30	000	C P 	8	748	75000000
TSLA  	2023	02	24	35	000	C P 	6	25	75000000
TSLA  	2023	02	24	40	000	C P 	0	439	75000000
TSLA  	2023	02	24	45	000	C P 	0	2046	75000000
TSLA  	2023	02	24	50	000	C P 	103	1898	75000000
TSLA  	2023	02	24	55	000	C P 	3	806	75000000
TSLA  	2023	02	24	60	000	C P 	11	1451	75000000
TSLA  	2023	02	24	65	000	C P 	6	699	75000000
TSLA  	2023	02	24	70	000	C P 	6	599	75000000
TSLA  	2023	02	24	75	000	C P 	1	852	75000000
TSLA  	2023	02	24	80	000	C P 	6	1122	75000000
TSLA  	2023	02	24	85	000	C P 	6	638	75000000
TSLA  	2023	02	24	90	000	C P 	84	1506	75000000
TSLA  	2023	02	24	95	000	C P 	18	1936	75000000
TSLA  	2023	02	24	98	000	C P 	14	975	75000000
TSLA  	2023	02	24	99	000	C P 	17	636	75000000
TSLA  	2023	02	24	100	000	C P 	82	2490	75000000
TSLA  	2023	02	24	101	000	C P 	19	475	75000000
TSLA  	2023	02	24	102	000	C P 	12	244	75000000
TSLA  	2023	02	24	103	000	C P 	8	314	75000000
TSLA  	2023	02	24	104	000	C P 	15	423	75000000
TSLA  	2023	02	24	105	000	C P 	110	2222	75000000
TSLA  	2023	02	24	106	000	C P 	12	682	75000000
TSLA  	2023	02	24	107	000	C P 	18	1529	75000000
TSLA  	2023	02	24	108	000	C P 	56	718	75000000
TSLA  	2023	02	24	109	000	C P 	49	1058	75000000
TSLA  	2023	02	24	110	000	C P 	366	1881	75000000
TSLA  	2023	02	24	111	000	C P 	78	497	75000000
TSLA  	2023	02	24	112	000	C P 	57	599	75000000
TSLA  	2023	02	24	113	000	C P 	47	1553	75000000
TSLA  	2023	02	24	114	000	C P 	351	1057	75000000
TSLA  	2023	02	24	115	000	C P 	384	2127	75000000
TSLA  	2023	02	24	116	000	C P 	293	2439	75000000
TSLA  	2023	02	24	117	000	C P 	263	1247	75000000
TSLA  	2023	02	24	118	000	C P 	219	1288	75000000
TSLA  	2023	02	24	119	000	C P 	216	792	75000000
TSLA  	2023	02	24	120	000	C P 	460	2977	75000000
TSLA  	2023	02	24	121	000	C P 	318	819	75000000
TSLA  	2023	02	24	122	000	C P 	291	2746	75000000
TSLA  	2023	02	24	123	000	C P 	389	561	75000000
TSLA  	2023	02	24	124	000	C P 	161	897	75000000
TSLA  	2023	02	24	125	000	C P 	584	5056	75000000
TSLA  	2023	02	24	126	000	C P 	202	712	75000000
TSLA  	2023	02	24	127	000	C P 	116	1266	75000000
TSLA  	2023	02	24	128	000	C P 	174	1339	75000000
TSLA  	2023	02	24	129	000	C P 	212	1494	75000000
TSLA  	2023	02	24	130	000	C P 	2665	3462	75000000
TSLA  	2023	02	24	131	000	C P 	422	1043	75000000
TSLA  	2023	02	24	132	000	C P 	250	1525	75000000
TSLA  	2023	02	24	133	000	C P 	145	740	75000000
TSLA  	2023	02	24	134	000	C P 	272	955	75000000
TSLA  	2023	02	24	135	000	C P 	1877	3215	75000000
TSLA  	2023	02	24	136	000	C P 	108	915	75000000
TSLA  	2023	02	24	137	000	C P 	140	2000	75000000
TSLA  	2023	02	24	138	000	C P 	257	1104	75000000
TSLA  	2023	02	24	139	000	C P 	535	797	75000000
TSLA  	2023	02	24	140	000	C P 	1536	7572	75000000
TSLA  	2023	02	24	141	000	C P 	326	1862	75000000
TSLA  	2023	02	24	142	000	C P 	476	1473	75000000
TSLA  	2023	02	24	143	000	C P 	68	867	75000000
TSLA  	2023	02	24	144	000	C P 	69	4092	75000000
TSLA  	2023	02	24	145	000	C P 	1989	6986	75000000
TSLA  	2023	02	24	146	000	C P 	88	2801	75000000
TSLA  	2023	02	24	147	000	C P 	98	1175	75000000
TSLA  	2023	02	24	148	000	C P 	171	3716	75000000
TSLA  	2023	02	24	149	000	C P 	119	3709	75000000
TSLA  	2023	02	24	150	000	C P 	3113	12369	75000000
TSLA  	2023	02	24	152	500	C P 	65	3165	75000000
TSLA  	2023	02	24	155	000	C P 	2744	11837	75000000
TSLA  	2023	02	24	157	500	C P 	1162	8349	75000000
TSLA  	2023	02	24	160	000	C P 	3924	10623	75000000
TSLA  	2023	02	24	162	500	C P 	462	4143	75000000
TSLA  	2023	02	24	165	000	C P 	2628	10022	75000000
TSLA  	2023	02	24	167	500	C P 	1037	6083	75000000
TSLA  	2023	02	24	170	000	C P 	9173	14753	75000000
TSLA  	2023	02	24	172	500	C P 	778	3885	75000000
TSLA  	2023	02	24	175	000	C P 	4084	12832	75000000
TSLA  	2023	02	24	177	500	C P 	404	8617	75000000
TSLA  	2023	02	24	180	000	C P 	5208	22848	75000000
TSLA  	2023	02	24	182	500	C P 	687	12507	75000000
TSLA  	2023	02	24	185	000	C P 	2229	18470	75000000
TSLA  	2023	02	24	187	500	C P 	1267	10274	75000000
TSLA  	2023	02	24	190	000	C P 	13994	36876	75000000
TSLA  	2023	02	24	192	500	C P 	2780	9873	75000000
TSLA  	2023	02	24	195	000	C P 	7269	19111	75000000
TSLA  	2023	02	24	197	500	C P 	4414	9771	75000000
TSLA  	2023	02	24	200	000	C P 	30298	16113	75000000
TSLA  	2023	02	24	202	500	C P 	18272	6027	75000000
TSLA  	2023	02	24	205	000	C P 	18358	8624	75000000
TSLA  	2023	02	24	207	500	C P 	13190	5115	75000000
TSLA  	2023	02	24	210	000	C P 	40447	8306	75000000
TSLA  	2023	02	24	212	500	C P 	10011	3848	75000000
TSLA  	2023	02	24	215	000	C P 	27687	6878	75000000
TSLA  	2023	02	24	217	500	C P 	6355	2049	75000000
TSLA  	2023	02	24	220	000	C P 	36657	3620	75000000
TSLA  	2023	02	24	222	500	C P 	8429	1274	75000000
TSLA  	2023	02	24	225	000	C P 	32403	1482	75000000
TSLA  	2023	02	24	227	500	C P 	8621	812	75000000
TSLA  	2023	02	24	230	000	C P 	22097	2218	75000000
TSLA  	2023	02	24	232	500	C P 	5287	635	75000000
TSLA  	2023	02	24	235	000	C P 	7008	863	75000000
TSLA  	2023	02	24	237	500	C P 	3529	699	75000000
TSLA  	2023	02	24	240	000	C P 	17297	1271	75000000
TSLA  	2023	02	24	242	500	C P 	3071	130	75000000
TSLA  	2023	02	24	245	000	C P 	6173	69	75000000
TSLA  	2023	02	24	247	500	C P 	3841	138	75000000
TSLA  	2023	02	24	250	000	C P 	12399	429	75000000
TSLA  	2023	02	24	252	500	C P 	2111	27	75000000
TSLA  	2023	02	24	255	000	C P 	6944	42	75000000
TSLA  	2023	02	24	257	500	C P 	5077	58	75000000
TSLA  	2023	02	24	260	000	C P 	12491	0	75000000
TSLA  	2023	02	24	262	500	C P 	2078	0	75000000
TSLA  	2023	02	24	265	000	C P 	5598	1	75000000
TSLA  	2023	02	24	267	500	C P 	3599	0	75000000
TSLA  	2023	02	24	270	000	C P 	8261	0	75000000
TSLA  	2023	02	24	272	500	C P 	777	5	75000000
TSLA  	2023	02	24	275	000	C P 	9805	0	75000000
TSLA  	2023	02	24	277	500	C P 	708	0	75000000
TSLA  	2023	02	24	280	000	C P 	4798	0	75000000
TSLA  	2023	02	24	282	500	C P 	302	0	75000000
TSLA  	2023	02	24	285	000	C P 	6662	0	75000000
TSLA  	2023	02	24	290	000	C P 	3134	0	75000000
TSLA  	2023	02	24	295	000	C P 	6303	0	75000000
TSLA  	2023	02	24	300	000	C P 	5066	0	75000000
TSLA  	2023	02	24	310	000	C P 	2663	0	75000000
TSLA  	2023	02	24	320	000	C P 	1673	0	75000000
TSLA  	2023	02	24	330	000	C P 	1459	1	75000000
TSLA  	2023	02	24	340	000	C P 	1516	0	75000000
TSLA  	2023	02	24	350	000	C P 	3035	0	75000000
TSLA  	2023	02	24	360	000	C P 	10118	0	75000000
TSLA  	2023	03	03	15	000	C P 	11	367	75000000
TSLA  	2023	03	03	20	000	C P 	1	0	75000000
TSLA  	2023	03	03	25	000	C P 	4	52	75000000
TSLA  	2023	03	03	30	000	C P 	5	340	75000000
TSLA  	2023	03	03	35	000	C P 	3	1	75000000
TSLA  	2023	03	03	40	000	C P 	0	10	75000000
TSLA  	2023	03	03	45	000	C P 	0	2457	75000000
TSLA  	2023	03	03	50	000	C P 	7	895	75000000
TSLA  	2023	03	03	55	000	C P 	0	165	75000000
TSLA  	2023	03	03	60	000	C P 	2	1116	75000000
TSLA  	2023	03	03	65	000	C P 	2	102	75000000
TSLA  	2023	03	03	70	000	C P 	2	996	75000000
TSLA  	2023	03	03	75	000	C P 	1	316	75000000
TSLA  	2023	03	03	80	000	C P 	112	2291	75000000
TSLA  	2023	03	03	85	000	C P 	4	584	75000000
TSLA  	2023	03	03	90	000	C P 	7	1447	75000000
TSLA  	2023	03	03	95	000	C P 	56	2051	75000000
TSLA  	2023	03	03	100	000	C P 	111	2163	75000000
TSLA  	2023	03	03	105	000	C P 	19	1128	75000000
TSLA  	2023	03	03	108	000	C P 	54	971	75000000
TSLA  	2023	03	03	109	000	C P 	34	725	75000000
TSLA  	2023	03	03	110	000	C P 	83	4083	75000000
TSLA  	2023	03	03	111	000	C P 	37	611	75000000
TSLA  	2023	03	03	112	000	C P 	59	647	75000000
TSLA  	2023	03	03	113	000	C P 	35	849	75000000
TSLA  	2023	03	03	114	000	C P 	154	719	75000000
TSLA  	2023	03	03	115	000	C P 	213	1041	75000000
TSLA  	2023	03	03	116	000	C P 	189	606	75000000
TSLA  	2023	03	03	117	000	C P 	483	818	75000000
TSLA  	2023	03	03	118	000	C P 	316	853	75000000
TSLA  	2023	03	03	119	000	C P 	340	705	75000000
TSLA  	2023	03	03	120	000	C P 	942	3036	75000000
TSLA  	2023	03	03	121	000	C P 	111	777	75000000
TSLA  	2023	03	03	122	000	C P 	127	1262	75000000
TSLA  	2023	03	03	123	000	C P 	254	1758	75000000
TSLA  	2023	03	03	124	000	C P 	465	1702	75000000
TSLA  	2023	03	03	125	000	C P 	470	3445	75000000
TSLA  	2023	03	03	126	000	C P 	663	634	75000000
TSLA  	2023	03	03	127	000	C P 	451	379	75000000
TSLA  	2023	03	03	128	000	C P 	463	875	75000000
TSLA  	2023	03	03	129	000	C P 	647	1626	75000000
TSLA  	2023	03	03	130	000	C P 	709	4409	75000000
TSLA  	2023	03	03	131	000	C P 	329	842	75000000
TSLA  	2023	03	03	132	000	C P 	792	785	75000000
TSLA  	2023	03	03	133	000	C P 	628	1320	75000000
TSLA  	2023	03	03	134	000	C P 	611	1282	75000000
TSLA  	2023	03	03	135	000	C P 	889	2544	75000000
TSLA  	2023	03	03	136	000	C P 	133	155	75000000
TSLA  	2023	03	03	137	000	C P 	124	657	75000000
TSLA  	2023	03	03	138	000	C P 	74	2812	75000000
TSLA  	2023	03	03	139	000	C P 	138	437	75000000
TSLA  	2023	03	03	140	000	C P 	697	3735	75000000
TSLA  	2023	03	03	141	000	C P 	89	769	75000000
TSLA  	2023	03	03	142	000	C P 	318	418	75000000
TSLA  	2023	03	03	143	000	C P 	76	220	75000000
TSLA  	2023	03	03	144	000	C P 	44	3247	75000000
TSLA  	2023	03	03	145	000	C P 	696	3131	75000000
TSLA  	2023	03	03	146	000	C P 	76	1606	75000000
TSLA  	2023	03	03	147	000	C P 	45	373	75000000
TSLA  	2023	03	03	148	000	C P 	54	649	75000000
TSLA  	2023	03	03	149	000	C P 	314	1989	75000000
TSLA  	2023	03	03	150	000	C P 	1122	13033	75000000
TSLA  	2023	03	03	152	500	C P 	183	2277	75000000
TSLA  	2023	03	03	155	000	C P 	1833	2210	75000000
TSLA  	2023	03	03	157	500	C P 	201	2124	75000000
TSLA  	2023	03	03	160	000	C P 	1462	11607	75000000
TSLA  	2023	03	03	162	500	C P 	455	2944	75000000
TSLA  	2023	03	03	165	000	C P 	1847	4749	75000000
TSLA  	2023	03	03	167	500	C P 	335	2302	75000000
TSLA  	2023	03	03	170	000	C P 	2880	7165	75000000
TSLA  	2023	03	03	172	500	C P 	1412	1913	75000000
TSLA  	2023	03	03	175	000	C P 	1405	5510	75000000
TSLA  	2023	03	03	177	500	C P 	835	1015	75000000
TSLA  	2023	03	03	180	000	C P 	3215	6909	75000000
TSLA  	2023	03	03	182	500	C P 	489	1734	75000000
TSLA  	2023	03	03	185	000	C P 	2421	5435	75000000
TSLA  	2023	03	03	187	500	C P 	1781	1402	75000000
TSLA  	2023	03	03	190	000	C P 	3982	8269	75000000
TSLA  	2023	03	03	192	500	C P 	1485	1861	75000000
TSLA  	2023	03	03	195	000	C P 	4360	5256	75000000
TSLA  	2023	03	03	197	500	C P 	3238	2468	75000000
TSLA  	2023	03	03	200	000	C P 	26180	8052	75000000
TSLA  	2023	03	03	202	500	C P 	6306	3024	75000000
TSLA  	2023	03	03	205	000	C P 	7757	2828	75000000
TSLA  	2023	03	03	207	500	C P 	3266	2186	75000000
TSLA  	2023	03	03	210	000	C P 	17355	5786	75000000
TSLA  	2023	03	03	212	500	C P 	2818	1342	75000000
TSLA  	2023	03	03	215	000	C P 	7697	1704	75000000
TSLA  	2023	03	03	217	500	C P 	2756	1368	75000000
TSLA  	2023	03	03	220	000	C P 	27385	1621	75000000
TSLA  	2023	03	03	222	500	C P 	1932	603	75000000
TSLA  	2023	03	03	225	000	C P 	7869	461	75000000
TSLA  	2023	03	03	227	500	C P 	1566	352	75000000
TSLA  	2023	03	03	230	000	C P 	11537	728	75000000
TSLA  	2023	03	03	232	500	C P 	1318	389	75000000
TSLA  	2023	03	03	235	000	C P 	3853	839	75000000
TSLA  	2023	03	03	237	500	C P 	882	518	75000000
TSLA  	2023	03	03	240	000	C P 	7127	1538	75000000
TSLA  	2023	03	03	242	500	C P 	621	307	75000000
TSLA  	2023	03	03	245	000	C P 	4723	477	75000000
TSLA  	2023	03	03	247	500	C P 	689	316	75000000
TSLA  	2023	03	03	250	000	C P 	14168	422	75000000
TSLA  	2023	03	03	252	500	C P 	548	330	75000000
TSLA  	2023	03	03	255	000	C P 	4311	157	75000000
TSLA  	2023	03	03	257	500	C P 	535	372	75000000
TSLA  	2023	03	03	260	000	C P 	3737	452	75000000
TSLA  	2023	03	03	262	500	C P 	354	378	75000000
TSLA  	2023	03	03	265	000	C P 	4453	428	75000000
TSLA  	2023	03	03	267	500	C P 	335	319	75000000
TSLA  	2023	03	03	270	000	C P 	4665	525	75000000
TSLA  	2023	03	03	275	000	C P 	4992	362	75000000
TSLA  	2023	03	03	280	000	C P 	3475	63	75000000
TSLA  	2023	03	03	285	000	C P 	3775	3	75000000
TSLA  	2023	03	03	290	000	C P 	4592	0	75000000
TSLA  	2023	03	03	295	000	C P 	4836	0	75000000
TSLA  	2023	03	03	300	000	C P 	9711	4	75000000
TSLA  	2023	03	03	305	000	C P 	1122	0	75000000
TSLA  	2023	03	03	310	000	C P 	1674	0	75000000
TSLA  	2023	03	03	315	000	C P 	2196	0	75000000
TSLA  	2023	03	03	320	000	C P 	4968	5	75000000
TSLA  	2023	03	03	325	000	C P 	3310	0	75000000
TSLA  	2023	03	03	330	000	C P 	3443	0	75000000
TSLA  	2023	03	03	335	000	C P 	1086	0	75000000
TSLA  	2023	03	03	340	000	C P 	6989	0	75000000
TSLA  	2023	03	03	345	000	C P 	241	0	75000000
TSLA  	2023	03	03	350	000	C P 	1174	1	75000000
TSLA  	2023	03	03	360	000	C P 	3344	0	75000000
TSLA  	2023	03	10	15	000	C P 	3	100	75000000
TSLA  	2023	03	10	20	000	C P 	3	25	75000000
TSLA  	2023	03	10	25	000	C P 	0	0	75000000
TSLA  	2023	03	10	30	000	C P 	3	2	75000000
TSLA  	2023	03	10	35	000	C P 	0	0	75000000
TSLA  	2023	03	10	40	000	C P 	0	10	75000000
TSLA  	2023	03	10	45	000	C P 	0	65	75000000
TSLA  	2023	03	10	50	000	C P 	5	930	75000000
TSLA  	2023	03	10	55	000	C P 	1	1219	75000000
TSLA  	2023	03	10	60	000	C P 	0	56	75000000
TSLA  	2023	03	10	65	000	C P 	50	24	75000000
TSLA  	2023	03	10	70	000	C P 	0	129	75000000
TSLA  	2023	03	10	75	000	C P 	0	510	75000000
TSLA  	2023	03	10	80	000	C P 	0	471	75000000
TSLA  	2023	03	10	85	000	C P 	0	118	75000000
TSLA  	2023	03	10	90	000	C P 	1	314	75000000
TSLA  	2023	03	10	95	000	C P 	11	626	75000000
TSLA  	2023	03	10	100	000	C P 	23	856	75000000
TSLA  	2023	03	10	105	000	C P 	6	442	75000000
TSLA  	2023	03	10	110	000	C P 	27	940	75000000
TSLA  	2023	03	10	115	000	C P 	61	777	75000000
TSLA  	2023	03	10	120	000	C P 	51	1743	75000000
TSLA  	2023	03	10	125	000	C P 	18	955	75000000
TSLA  	2023	03	10	130	000	C P 	96	718	75000000
TSLA  	2023	03	10	134	000	C P 	24	197	75000000
TSLA  	2023	03	10	135	000	C P 	40	700	75000000
TSLA  	2023	03	10	136	000	C P 	55	207	75000000
TSLA  	2023	03	10	137	000	C P 	8	91	75000000
TSLA  	2023	03	10	138	000	C P 	17	113	75000000
TSLA  	2023	03	10	139	000	C P 	3	136	75000000
TSLA  	2023	03	10	140	000	C P 	71	1292	75000000
TSLA  	2023	03	10	141	000	C P 	146	456	75000000
TSLA  	2023	03	10	142	000	C P 	28	239	75000000
TSLA  	2023	03	10	143	000	C P 	19	325	75000000
TSLA  	2023	03	10	144	000	C P 	26	170	75000000
TSLA  	2023	03	10	145	000	C P 	103	531	75000000
TSLA  	2023	03	10	146	000	C P 	45	184	75000000
TSLA  	2023	03	10	147	000	C P 	106	203	75000000
TSLA  	2023	03	10	148	000	C P 	99	802	75000000
TSLA  	2023	03	10	149	000	C P 	22	297	75000000
TSLA  	2023	03	10	150	000	C P 	257	4481	75000000
TSLA  	2023	03	10	152	500	C P 	153	511	75000000
TSLA  	2023	03	10	155	000	C P 	611	806	75000000
TSLA  	2023	03	10	157	500	C P 	123	416	75000000
TSLA  	2023	03	10	160	000	C P 	265	1330	75000000
TSLA  	2023	03	10	162	500	C P 	135	602	75000000
TSLA  	2023	03	10	165	000	C P 	304	1977	75000000
TSLA  	2023	03	10	167	500	C P 	652	602	75000000
TSLA  	2023	03	10	170	000	C P 	482	2405	75000000
TSLA  	2023	03	10	172	500	C P 	234	618	75000000
TSLA  	2023	03	10	175	000	C P 	438	1406	75000000
TSLA  	2023	03	10	177	500	C P 	1791	880	75000000
TSLA  	2023	03	10	180	000	C P 	779	3057	75000000
TSLA  	2023	03	10	182	500	C P 	256	533	75000000
TSLA  	2023	03	10	185	000	C P 	641	1290	75000000
TSLA  	2023	03	10	187	500	C P 	1342	346	75000000
TSLA  	2023	03	10	190	000	C P 	1683	2472	75000000
TSLA  	2023	03	10	192	500	C P 	1029	618	75000000
TSLA  	2023	03	10	195	000	C P 	1501	5773	75000000
TSLA  	2023	03	10	197	500	C P 	875	1227	75000000
TSLA  	2023	03	10	200	000	C P 	3274	1922	75000000
TSLA  	2023	03	10	202	500	C P 	2112	1156	75000000
TSLA  	2023	03	10	205	000	C P 	2305	1882	75000000
TSLA  	2023	03	10	207	500	C P 	1076	723	75000000
TSLA  	2023	03	10	210	000	C P 	3281	1038	75000000
TSLA  	2023	03	10	212	500	C P 	1140	582	75000000
TSLA  	2023	03	10	215	000	C P 	1917	2086	75000000
TSLA  	2023	03	10	217	500	C P 	412	213	75000000
TSLA  	2023	03	10	220	000	C P 	3069	187	75000000
TSLA  	2023	03	10	222	500	C P 	538	118	75000000
TSLA  	2023	03	10	225	000	C P 	1819	175	75000000
TSLA  	2023	03	10	227	500	C P 	503	38	75000000
TSLA  	2023	03	10	230	000	C P 	2210	138	75000000
TSLA  	2023	03	10	235	000	C P 	1036	42	75000000
TSLA  	2023	03	10	240	000	C P 	1776	132	75000000
TSLA  	2023	03	10	245	000	C P 	890	76	75000000
TSLA  	2023	03	10	250	000	C P 	3881	223	75000000
TSLA  	2023	03	10	255	000	C P 	579	5	75000000
TSLA  	2023	03	10	260	000	C P 	1567	66	75000000
TSLA  	2023	03	10	265	000	C P 	3859	8	75000000
TSLA  	2023	03	10	270	000	C P 	853	5	75000000
TSLA  	2023	03	10	275	000	C P 	740	5	75000000
TSLA  	2023	03	10	280	000	C P 	2064	9	75000000
TSLA  	2023	03	10	285	000	C P 	900	0	75000000
TSLA  	2023	03	10	290	000	C P 	668	0	75000000
TSLA  	2023	03	10	295	000	C P 	629	1	75000000
TSLA  	2023	03	10	300	000	C P 	3144	0	75000000
TSLA  	2023	03	10	310	000	C P 	2749	5	75000000
TSLA  	2023	03	10	320	000	C P 	2713	1	75000000
TSLA  	2023	03	10	330	000	C P 	531	0	75000000
TSLA  	2023	03	10	340	000	C P 	504	0	75000000
TSLA  	2023	03	10	350	000	C P 	845	0	75000000
TSLA  	2023	03	10	360	000	C P 	1353	0	75000000
TSLA  	2023	03	17	1	670	C P 	50	24731	75000000
TSLA  	2023	03	17	3	330	C P 	29	6941	75000000
TSLA  	2023	03	17	5	000	C P 	2	8008	75000000
TSLA  	2023	03	17	6	670	C P 	57	4669	75000000
TSLA  	2023	03	17	8	330	C P 	3	1379	75000000
TSLA  	2023	03	17	10	000	C P 	838	4105	75000000
TSLA  	2023	03	17	11	670	C P 	1692	5414	75000000
TSLA  	2023	03	17	13	330	C P 	1657	2125	75000000
TSLA  	2023	03	17	15	000	C P 	987	5169	75000000
TSLA  	2023	03	17	16	670	C P 	863	15330	75000000
TSLA  	2023	03	17	18	330	C P 	466	12017	75000000
TSLA  	2023	03	17	33	330	C P 	454	33620	75000000
TSLA  	2023	03	17	50	000	C P 	742	25153	75000000
TSLA  	2023	03	17	55	000	C P 	34	10792	75000000
TSLA  	2023	03	17	60	000	C P 	182	9793	75000000
TSLA  	2023	03	17	65	000	C P 	24	3850	75000000
TSLA  	2023	03	17	66	670	C P 	883	18885	75000000
TSLA  	2023	03	17	70	000	C P 	49	8142	75000000
TSLA  	2023	03	17	75	000	C P 	54	5448	75000000
TSLA  	2023	03	17	80	000	C P 	208	11822	75000000
TSLA  	2023	03	17	83	330	C P 	886	5180	75000000
TSLA  	2023	03	17	85	000	C P 	89	3610	75000000
TSLA  	2023	03	17	90	000	C P 	663	15572	75000000
TSLA  	2023	03	17	95	000	C P 	337	3312	75000000
TSLA  	2023	03	17	100	000	C P 	1827	39450	75000000
TSLA  	2023	03	17	105	000	C P 	1399	4575	75000000
TSLA  	2023	03	17	110	000	C P 	2708	14205	75000000
TSLA  	2023	03	17	115	000	C P 	3393	9233	75000000
TSLA  	2023	03	17	116	670	C P 	1366	10936	75000000
TSLA  	2023	03	17	120	000	C P 	12421	26161	75000000
TSLA  	2023	03	17	123	330	C P 	2746	6725	75000000
TSLA  	2023	03	17	125	000	C P 	3561	12655	75000000
TSLA  	2023	03	17	126	670	C P 	1686	5964	75000000
TSLA  	2023	03	17	130	000	C P 	7372	11340	75000000
TSLA  	2023	03	17	133	330	C P 	3430	9759	75000000
TSLA  	2023	03	17	135	000	C P 	27613	34328	75000000
TSLA  	2023	03	17	136	670	C P 	3042	3660	75000000
TSLA  	2023	03	17	140	000	C P 	7011	25654	75000000
TSLA  	2023	03	17	143	330	C P 	2428	4727	75000000
TSLA  	2023	03	17	145	000	C P 	4107	8449	75000000
TSLA  	2023	03	17	146	670	C P 	1861	4317	75000000
TSLA  	2023	03	17	150	000	C P 	13135	29199	75000000
TSLA  	2023	03	17	153	330	C P 	1673	2862	75000000
TSLA  	2023	03	17	155	000	C P 	5271	6374	75000000
TSLA  	2023	03	17	156	670	C P 	2248	3520	75000000
TSLA  	2023	03	17	160	000	C P 	7816	26461	75000000
TSLA  	2023	03	17	163	330	C P 	3070	5979	75000000
TSLA  	2023	03	17	165	000	C P 	6984	7317	75000000
TSLA  	2023	03	17	166	670	C P 	6281	11992	75000000
TSLA  	2023	03	17	170	000	C P 	11737	23429	75000000
TSLA  	2023	03	17	172	500	C P 	30	128	75000000
TSLA  	2023	03	17	173	330	C P 	3206	12407	75000000
TSLA  	2023	03	17	175	000	C P 	4770	9800	75000000
TSLA  	2023	03	17	176	670	C P 	5203	3584	75000000
TSLA  	2023	03	17	177	500	C P 	21	221	75000000
TSLA  	2023	03	17	180	000	C P 	20269	26099	75000000
TSLA  	2023	03	17	182	500	C P 	16	178	75000000
TSLA  	2023	03	17	183	330	C P 	3321	8122	75000000
TSLA  	2023	03	17	185	000	C P 	3490	6128	75000000
TSLA  	2023	03	17	186	670	C P 	2798	4649	75000000
TSLA  	2023	03	17	187	500	C P 	136	486	75000000
TSLA  	2023	03	17	190	000	C P 	17235	24540	75000000
TSLA  	2023	03	17	192	500	C P 	357	413	75000000
TSLA  	2023	03	17	193	330	C P 	2267	6511	75000000
TSLA  	2023	03	17	195	000	C P 	14119	14848	75000000
TSLA  	2023	03	17	196	670	C P 	2933	4658	75000000
TSLA  	2023	03	17	197	500	C P 	274	790	75000000
TSLA  	2023	03	17	198	330	C P 	3976	3752	75000000
TSLA  	2023	03	17	200	000	C P 	44360	39722	75000000
TSLA  	2023	03	17	201	670	C P 	5017	2840	75000000
TSLA  	2023	03	17	202	500	C P 	817	351	75000000
TSLA  	2023	03	17	203	330	C P 	3455	3326	75000000
TSLA  	2023	03	17	205	000	C P 	4310	5120	75000000
TSLA  	2023	03	17	206	670	C P 	2980	3123	75000000
TSLA  	2023	03	17	207	500	C P 	311	335	75000000
TSLA  	2023	03	17	208	330	C P 	2664	1366	75000000
TSLA  	2023	03	17	210	000	C P 	12625	6158	75000000
TSLA  	2023	03	17	211	670	C P 	2289	854	75000000
TSLA  	2023	03	17	212	500	C P 	238	95	75000000
TSLA  	2023	03	17	213	330	C P 	1981	1157	75000000
TSLA  	2023	03	17	215	000	C P 	14397	6647	75000000
TSLA  	2023	03	17	216	670	C P 	4764	2913	75000000
TSLA  	2023	03	17	217	500	C P 	161	14	75000000
TSLA  	2023	03	17	218	330	C P 	1676	4908	75000000
TSLA  	2023	03	17	220	000	C P 	18824	1974	75000000
TSLA  	2023	03	17	221	670	C P 	1662	371	75000000
TSLA  	2023	03	17	222	500	C P 	269	8	75000000
TSLA  	2023	03	17	223	330	C P 	1466	389	75000000
TSLA  	2023	03	17	225	000	C P 	5462	1788	75000000
TSLA  	2023	03	17	226	670	C P 	2636	226	75000000
TSLA  	2023	03	17	227	500	C P 	171	14	75000000
TSLA  	2023	03	17	228	330	C P 	5144	89	75000000
TSLA  	2023	03	17	230	000	C P 	10606	1869	75000000
TSLA  	2023	03	17	231	670	C P 	1473	110	75000000
TSLA  	2023	03	17	233	330	C P 	6918	435	75000000
TSLA  	2023	03	17	235	000	C P 	9590	124	75000000
TSLA  	2023	03	17	236	670	C P 	1337	88	75000000
TSLA  	2023	03	17	238	330	C P 	1219	116	75000000
TSLA  	2023	03	17	240	000	C P 	8837	592	75000000
TSLA  	2023	03	17	241	670	C P 	1503	67	75000000
TSLA  	2023	03	17	243	330	C P 	1419	416	75000000
TSLA  	2023	03	17	245	000	C P 	2558	164	75000000
TSLA  	2023	03	17	246	670	C P 	1535	32	75000000
TSLA  	2023	03	17	248	330	C P 	1317	42	75000000
TSLA  	2023	03	17	250	000	C P 	26357	2273	75000000
TSLA  	2023	03	17	251	670	C P 	1530	65	75000000
TSLA  	2023	03	17	253	330	C P 	870	80	75000000
TSLA  	2023	03	17	255	000	C P 	5098	104	75000000
TSLA  	2023	03	17	256	670	C P 	748	21	75000000
TSLA  	2023	03	17	258	330	C P 	1002	30	75000000
TSLA  	2023	03	17	260	000	C P 	10860	1479	75000000
TSLA  	2023	03	17	261	670	C P 	1620	12	75000000
TSLA  	2023	03	17	263	330	C P 	1135	67	75000000
TSLA  	2023	03	17	265	000	C P 	2963	34	75000000
TSLA  	2023	03	17	266	670	C P 	11071	391	75000000
TSLA  	2023	03	17	270	000	C P 	6557	44	75000000
TSLA  	2023	03	17	273	330	C P 	3913	84	75000000
TSLA  	2023	03	17	275	000	C P 	1692	15	75000000
TSLA  	2023	03	17	276	670	C P 	1577	46	75000000
TSLA  	2023	03	17	280	000	C P 	4002	146	75000000
TSLA  	2023	03	17	283	330	C P 	6763	53	75000000
TSLA  	2023	03	17	285	000	C P 	1201	21	75000000
TSLA  	2023	03	17	286	670	C P 	2030	48	75000000
TSLA  	2023	03	17	290	000	C P 	4053	73	75000000
TSLA  	2023	03	17	293	330	C P 	7368	359	75000000
TSLA  	2023	03	17	295	000	C P 	2949	28	75000000
TSLA  	2023	03	17	296	670	C P 	995	26	75000000
TSLA  	2023	03	17	298	330	C P 	1039	55	75000000
TSLA  	2023	03	17	300	000	C P 	73781	479	75000000
TSLA  	2023	03	17	301	670	C P 	1621	40	75000000
TSLA  	2023	03	17	303	330	C P 	1468	11	75000000
TSLA  	2023	03	17	305	000	C P 	2675	45	75000000
TSLA  	2023	03	17	306	670	C P 	2018	17	75000000
TSLA  	2023	03	17	308	330	C P 	3531	20	75000000
TSLA  	2023	03	17	310	000	C P 	4509	36	75000000
TSLA  	2023	03	17	311	670	C P 	2111	14	75000000
TSLA  	2023	03	17	313	330	C P 	2556	11	75000000
TSLA  	2023	03	17	316	670	C P 	29624	3	75000000
TSLA  	2023	03	17	320	000	C P 	15155	0	75000000
TSLA  	2023	03	17	323	330	C P 	464	0	75000000
TSLA  	2023	03	17	326	670	C P 	738	0	75000000
TSLA  	2023	03	17	330	000	C P 	3404	1	75000000
TSLA  	2023	03	17	333	330	C P 	20496	25	75000000
TSLA  	2023	03	17	336	670	C P 	827	0	75000000
TSLA  	2023	03	17	340	000	C P 	5890	0	75000000
TSLA  	2023	03	17	343	330	C P 	1928	0	75000000
TSLA  	2023	03	17	346	670	C P 	626	0	75000000
TSLA  	2023	03	17	350	000	C P 	11387	3	75000000
TSLA  	2023	03	17	353	330	C P 	1419	0	75000000
TSLA  	2023	03	17	356	670	C P 	746	0	75000000
TSLA  	2023	03	17	360	000	C P 	18772	0	75000000
TSLA  	2023	03	17	363	330	C P 	602	0	75000000
TSLA  	2023	03	17	366	670	C P 	7779	0	75000000
TSLA  	2023	03	17	370	000	C P 	1427	0	75000000
TSLA  	2023	03	17	373	330	C P 	689	0	75000000
TSLA  	2023	03	17	383	330	C P 	12766	0	75000000
TSLA  	2023	03	17	400	000	C P 	36957	0	75000000
TSLA  	2023	03	17	416	670	C P 	13209	0	75000000
TSLA  	2023	03	17	433	330	C P 	19544	0	75000000
TSLA  	2023	03	17	441	670	C P 	2040	0	75000000
TSLA  	2023	03	17	450	000	C P 	5910	0	75000000
TSLA  	2023	03	17	458	330	C P 	2595	0	75000000
TSLA  	2023	03	17	466	670	C P 	2897	4	75000000
TSLA  	2023	03	17	475	000	C P 	3846	0	75000000
TSLA  	2023	03	17	483	330	C P 	1983	0	75000000
TSLA  	2023	03	17	491	670	C P 	2508	0	75000000
TSLA  	2023	03	17	500	000	C P 	14180	6	75000000
TSLA  	2023	03	17	508	330	C P 	3939	0	75000000
TSLA  	2023	03	17	516	670	C P 	1215	0	75000000
TSLA  	2023	03	17	525	000	C P 	4901	0	75000000
TSLA  	2023	03	17	533	330	C P 	4745	0	75000000
TSLA  	2023	03	17	541	670	C P 	1103	0	75000000
TSLA  	2023	03	17	550	000	C P 	5090	0	75000000
TSLA  	2023	03	17	558	330	C P 	3800	0	75000000
TSLA  	2023	03	17	566	670	C P 	7724	0	75000000
TSLA  	2023	03	17	575	000	C P 	11867	0	75000000
TSLA  	2023	03	17	583	330	C P 	2663	0	75000000
TSLA  	2023	03	17	591	670	C P 	1176	0	75000000
TSLA  	2023	03	17	600	000	C P 	5758	0	75000000
TSLA  	2023	03	17	608	330	C P 	581	0	75000000
TSLA  	2023	03	17	616	670	C P 	3998	0	75000000
TSLA  	2023	03	17	625	000	C P 	1050	0	75000000
TSLA  	2023	03	17	633	330	C P 	2372	0	75000000
TSLA  	2023	03	17	641	670	C P 	1644	0	75000000
TSLA  	2023	03	17	650	000	C P 	9133	0	75000000
TSLA  	2023	03	17	666	670	C P 	70958	0	75000000
TSLA  	2023	03	17	675	000	C P 	21633	0	75000000
TSLA  	2023	03	17	683	330	C P 	4041	0	75000000
TSLA  	2023	03	17	691	670	C P 	1388	0	75000000
TSLA  	2023	03	17	700	000	C P 	4724	0	75000000
TSLA  	2023	03	17	708	330	C P 	602	0	75000000
TSLA  	2023	03	17	716	670	C P 	783	0	75000000
TSLA  	2023	03	17	725	000	C P 	1042	0	75000000
TSLA  	2023	03	17	733	330	C P 	1614	0	75000000
TSLA  	2023	03	17	741	670	C P 	756	0	75000000
TSLA  	2023	03	17	750	000	C P 	754	0	75000000
TSLA  	2023	03	17	758	330	C P 	1235	0	75000000
TSLA  	2023	03	17	766	670	C P 	1260	0	75000000
TSLA  	2023	03	17	775	000	C P 	849	0	75000000
TSLA  	2023	03	17	783	330	C P 	1306	0	75000000
TSLA  	2023	03	17	791	670	C P 	1448	0	75000000
TSLA  	2023	03	17	800	000	C P 	5382	0	75000000
TSLA  	2023	03	17	808	330	C P 	1842	0	75000000
TSLA  	2023	03	17	816	670	C P 	2608	0	75000000
TSLA  	2023	03	17	825	000	C P 	60257	0	75000000
TSLA  	2023	03	24	20	000	C P 	6	122	75000000
TSLA  	2023	03	24	25	000	C P 	0	0	75000000
TSLA  	2023	03	24	30	000	C P 	0	11	75000000
TSLA  	2023	03	24	35	000	C P 	0	1	75000000
TSLA  	2023	03	24	40	000	C P 	0	0	75000000
TSLA  	2023	03	24	45	000	C P 	0	1	75000000
TSLA  	2023	03	24	50	000	C P 	21	1544	75000000
TSLA  	2023	03	24	55	000	C P 	3	0	75000000
TSLA  	2023	03	24	60	000	C P 	0	29	75000000
TSLA  	2023	03	24	65	000	C P 	0	15	75000000
TSLA  	2023	03	24	70	000	C P 	0	27	75000000
TSLA  	2023	03	24	75	000	C P 	0	46	75000000
TSLA  	2023	03	24	80	000	C P 	0	83	75000000
TSLA  	2023	03	24	85	000	C P 	1	29	75000000
TSLA  	2023	03	24	90	000	C P 	4	41	75000000
TSLA  	2023	03	24	95	000	C P 	0	88	75000000
TSLA  	2023	03	24	100	000	C P 	12	397	75000000
TSLA  	2023	03	24	105	000	C P 	10	176	75000000
TSLA  	2023	03	24	110	000	C P 	6	147	75000000
TSLA  	2023	03	24	115	000	C P 	5	133	75000000
TSLA  	2023	03	24	120	000	C P 	2	805	75000000
TSLA  	2023	03	24	125	000	C P 	9	1212	75000000
TSLA  	2023	03	24	130	000	C P 	175	400	75000000
TSLA  	2023	03	24	135	000	C P 	38	518	75000000
TSLA  	2023	03	24	140	000	C P 	31	1093	75000000
TSLA  	2023	03	24	145	000	C P 	57	430	75000000
TSLA  	2023	03	24	146	000	C P 	11	55	75000000
TSLA  	2023	03	24	147	000	C P 	89	70	75000000
TSLA  	2023	03	24	148	000	C P 	78	98	75000000
TSLA  	2023	03	24	149	000	C P 	62	86	75000000
TSLA  	2023	03	24	150	000	C P 	80	1016	75000000
TSLA  	2023	03	24	152	500	C P 	34	185	75000000
TSLA  	2023	03	24	155	000	C P 	488	760	75000000
TSLA  	2023	03	24	157	500	C P 	82	449	75000000
TSLA  	2023	03	24	160	000	C P 	126	698	75000000
TSLA  	2023	03	24	162	500	C P 	45	195	75000000
TSLA  	2023	03	24	165	000	C P 	126	834	75000000
TSLA  	2023	03	24	167	500	C P 	38	529	75000000
TSLA  	2023	03	24	170	000	C P 	200	1212	75000000
TSLA  	2023	03	24	172	500	C P 	65	322	75000000
TSLA  	2023	03	24	175	000	C P 	159	1542	75000000
TSLA  	2023	03	24	177	500	C P 	181	476	75000000
TSLA  	2023	03	24	180	000	C P 	318	1102	75000000
TSLA  	2023	03	24	182	500	C P 	124	167	75000000
TSLA  	2023	03	24	185	000	C P 	146	733	75000000
TSLA  	2023	03	24	187	500	C P 	140	174	75000000
TSLA  	2023	03	24	190	000	C P 	543	975	75000000
TSLA  	2023	03	24	192	500	C P 	111	227	75000000
TSLA  	2023	03	24	195	000	C P 	618	645	75000000
TSLA  	2023	03	24	197	500	C P 	1255	227	75000000
TSLA  	2023	03	24	200	000	C P 	3193	2069	75000000
TSLA  	2023	03	24	202	500	C P 	826	178	75000000
TSLA  	2023	03	24	205	000	C P 	1496	258	75000000
TSLA  	2023	03	24	207	500	C P 	437	158	75000000
TSLA  	2023	03	24	210	000	C P 	2786	434	75000000
TSLA  	2023	03	24	212	500	C P 	588	936	75000000
TSLA  	2023	03	24	215	000	C P 	1226	506	75000000
TSLA  	2023	03	24	217	500	C P 	1192	61	75000000
TSLA  	2023	03	24	220	000	C P 	2235	852	75000000
TSLA  	2023	03	24	222	500	C P 	326	80	75000000
TSLA  	2023	03	24	225	000	C P 	676	116	75000000
TSLA  	2023	03	24	230	000	C P 	1030	238	75000000
TSLA  	2023	03	24	235	000	C P 	594	114	75000000
TSLA  	2023	03	24	240	000	C P 	425	145	75000000
TSLA  	2023	03	24	245	000	C P 	650	19	75000000
TSLA  	2023	03	24	250	000	C P 	1909	53	75000000
TSLA  	2023	03	24	255	000	C P 	350	21	75000000
TSLA  	2023	03	24	260	000	C P 	716	28	75000000
TSLA  	2023	03	24	265	000	C P 	452	1	75000000
TSLA  	2023	03	24	270	000	C P 	639	4	75000000
TSLA  	2023	03	24	275	000	C P 	332	3	75000000
TSLA  	2023	03	24	280	000	C P 	351	0	75000000
TSLA  	2023	03	24	285	000	C P 	367	0	75000000
TSLA  	2023	03	24	290	000	C P 	254	0	75000000
TSLA  	2023	03	24	295	000	C P 	96	0	75000000
TSLA  	2023	03	24	300	000	C P 	879	28	75000000
TSLA  	2023	03	24	310	000	C P 	286	0	75000000
TSLA  	2023	03	24	320	000	C P 	352	1	75000000
TSLA  	2023	03	24	330	000	C P 	159	1	75000000
TSLA  	2023	03	24	340	000	C P 	361	0	75000000
TSLA  	2023	03	24	350	000	C P 	479	0	75000000
TSLA  	2023	03	24	360	000	C P 	774	0	75000000
TSLA  	2023	03	31	25	000	C P 	3	0	75000000
TSLA  	2023	03	31	30	000	C P 	0	0	75000000
TSLA  	2023	03	31	35	000	C P 	0	1	75000000
TSLA  	2023	03	31	40	000	C P 	0	5	75000000
TSLA  	2023	03	31	45	000	C P 	0	2	75000000
TSLA  	2023	03	31	50	000	C P 	0	6	75000000
TSLA  	2023	03	31	55	000	C P 	0	0	75000000
TSLA  	2023	03	31	60	000	C P 	0	26	75000000
TSLA  	2023	03	31	65	000	C P 	0	9	75000000
TSLA  	2023	03	31	70	000	C P 	0	21	75000000
TSLA  	2023	03	31	75	000	C P 	0	14	75000000
TSLA  	2023	03	31	80	000	C P 	4	59	75000000
TSLA  	2023	03	31	85	000	C P 	38	13	75000000
TSLA  	2023	03	31	90	000	C P 	0	61	75000000
TSLA  	2023	03	31	95	000	C P 	0	198	75000000
TSLA  	2023	03	31	100	000	C P 	3	385	75000000
TSLA  	2023	03	31	105	000	C P 	2	190	75000000
TSLA  	2023	03	31	110	000	C P 	11	285	75000000
TSLA  	2023	03	31	115	000	C P 	7	355	75000000
TSLA  	2023	03	31	120	000	C P 	76	220	75000000
TSLA  	2023	03	31	125	000	C P 	99	224	75000000
TSLA  	2023	03	31	130	000	C P 	14	525	75000000
TSLA  	2023	03	31	135	000	C P 	14	452	75000000
TSLA  	2023	03	31	140	000	C P 	48	540	75000000
TSLA  	2023	03	31	145	000	C P 	56	454	75000000
TSLA  	2023	03	31	150	000	C P 	173	891	75000000
TSLA  	2023	03	31	155	000	C P 	373	211	75000000
TSLA  	2023	03	31	160	000	C P 	100	503	75000000
TSLA  	2023	03	31	165	000	C P 	60	451	75000000
TSLA  	2023	03	31	170	000	C P 	50	1087	75000000
TSLA  	2023	03	31	172	500	C P 	13	881	75000000
TSLA  	2023	03	31	175	000	C P 	50	591	75000000
TSLA  	2023	03	31	177	500	C P 	446	257	75000000
TSLA  	2023	03	31	180	000	C P 	431	830	75000000
TSLA  	2023	03	31	182	500	C P 	17	185	75000000
TSLA  	2023	03	31	185	000	C P 	61	1311	75000000
TSLA  	2023	03	31	187	500	C P 	81	127	75000000
TSLA  	2023	03	31	190	000	C P 	233	922	75000000
TSLA  	2023	03	31	192	500	C P 	117	123	75000000
TSLA  	2023	03	31	195	000	C P 	288	5307	75000000
TSLA  	2023	03	31	197	500	C P 	139	741	75000000
TSLA  	2023	03	31	200	000	C P 	726	1507	75000000
TSLA  	2023	03	31	202	500	C P 	2264	418	75000000
TSLA  	2023	03	31	205	000	C P 	708	939	75000000
TSLA  	2023	03	31	207	500	C P 	387	206	75000000
TSLA  	2023	03	31	210	000	C P 	1522	459	75000000
TSLA  	2023	03	31	212	500	C P 	392	106	75000000
TSLA  	2023	03	31	215	000	C P 	648	161	75000000
TSLA  	2023	03	31	217	500	C P 	273	67	75000000
TSLA  	2023	03	31	220	000	C P 	1244	169	75000000
TSLA  	2023	03	31	222	500	C P 	118	14	75000000
TSLA  	2023	03	31	225	000	C P 	600	112	75000000
TSLA  	2023	03	31	230	000	C P 	1172	30	75000000
TSLA  	2023	03	31	235	000	C P 	419	23	75000000
TSLA  	2023	03	31	240	000	C P 	994	2	75000000
TSLA  	2023	03	31	245	000	C P 	317	29	75000000
TSLA  	2023	03	31	250	000	C P 	1249	4	75000000
TSLA  	2023	03	31	255	000	C P 	321	2	75000000
TSLA  	2023	03	31	260	000	C P 	418	13	75000000
TSLA  	2023	03	31	265	000	C P 	202	10	75000000
TSLA  	2023	03	31	270	000	C P 	440	13	75000000
TSLA  	2023	03	31	275	000	C P 	481	3	75000000
TSLA  	2023	03	31	280	000	C P 	593	2	75000000
TSLA  	2023	03	31	285	000	C P 	559	0	75000000
TSLA  	2023	03	31	290	000	C P 	331	0	75000000
TSLA  	2023	03	31	295	000	C P 	206	25	75000000
TSLA  	2023	03	31	300	000	C P 	844	25	75000000
TSLA  	2023	03	31	310	000	C P 	310	1	75000000
TSLA  	2023	03	31	320	000	C P 	282	4	75000000
TSLA  	2023	03	31	330	000	C P 	137	0	75000000
TSLA  	2023	03	31	340	000	C P 	162	0	75000000
TSLA  	2023	03	31	350	000	C P 	122	0	75000000
TSLA  	2023	03	31	360	000	C P 	473	0	75000000
TSLA  	2023	04	21	5	000	C P 	14	101	75000000
TSLA  	2023	04	21	10	000	C P 	0	8	75000000
TSLA  	2023	04	21	15	000	C P 	4	41	75000000
TSLA  	2023	04	21	20	000	C P 	4	346	75000000
TSLA  	2023	04	21	25	000	C P 	7	2494	75000000
TSLA  	2023	04	21	30	000	C P 	0	5277	75000000
TSLA  	2023	04	21	35	000	C P 	5	1049	75000000
TSLA  	2023	04	21	40	000	C P 	7	630	75000000
TSLA  	2023	04	21	45	000	C P 	2	861	75000000
TSLA  	2023	04	21	50	000	C P 	133	5208	75000000
TSLA  	2023	04	21	55	000	C P 	15	2781	75000000
TSLA  	2023	04	21	60	000	C P 	18	2042	75000000
TSLA  	2023	04	21	65	000	C P 	66	5214	75000000
TSLA  	2023	04	21	70	000	C P 	63	4480	75000000
TSLA  	2023	04	21	75	000	C P 	124	13319	75000000
TSLA  	2023	04	21	80	000	C P 	25226	4548	75000000
TSLA  	2023	04	21	85	000	C P 	91	3322	75000000
TSLA  	2023	04	21	90	000	C P 	273	2282	75000000
TSLA  	2023	04	21	95	000	C P 	150	6182	75000000
TSLA  	2023	04	21	100	000	C P 	1565	28229	75000000
TSLA  	2023	04	21	105	000	C P 	362	3022	75000000
TSLA  	2023	04	21	108	330	C P 	898	4902	75000000
TSLA  	2023	04	21	110	000	C P 	1075	7438	75000000
TSLA  	2023	04	21	115	000	C P 	1423	3606	75000000
TSLA  	2023	04	21	116	670	C P 	2538	9437	75000000
TSLA  	2023	04	21	120	000	C P 	7252	14101	75000000
TSLA  	2023	04	21	125	000	C P 	10829	13266	75000000
TSLA  	2023	04	21	130	000	C P 	1795	7487	75000000
TSLA  	2023	04	21	133	330	C P 	4582	3691	75000000
TSLA  	2023	04	21	135	000	C P 	1469	2781	75000000
TSLA  	2023	04	21	140	000	C P 	2968	7528	75000000
TSLA  	2023	04	21	141	670	C P 	6291	3518	75000000
TSLA  	2023	04	21	145	000	C P 	2011	3037	75000000
TSLA  	2023	04	21	150	000	C P 	8357	19390	75000000
TSLA  	2023	04	21	155	000	C P 	1415	2371	75000000
TSLA  	2023	04	21	158	330	C P 	2993	4173	75000000
TSLA  	2023	04	21	160	000	C P 	3496	6059	75000000
TSLA  	2023	04	21	165	000	C P 	1677	2911	75000000
TSLA  	2023	04	21	166	670	C P 	2650	5424	75000000
TSLA  	2023	04	21	170	000	C P 	1986	4274	75000000
TSLA  	2023	04	21	175	000	C P 	10796	8400	75000000
TSLA  	2023	04	21	180	000	C P 	2986	5055	75000000
TSLA  	2023	04	21	183	330	C P 	2726	4084	75000000
TSLA  	2023	04	21	185	000	C P 	2418	3601	75000000
TSLA  	2023	04	21	190	000	C P 	2682	8244	75000000
TSLA  	2023	04	21	191	670	C P 	2999	18428	75000000
TSLA  	2023	04	21	195	000	C P 	3531	2868	75000000
TSLA  	2023	04	21	200	000	C P 	14900	10056	75000000
TSLA  	2023	04	21	205	000	C P 	3504	2652	75000000
TSLA  	2023	04	21	208	330	C P 	6073	2858	75000000
TSLA  	2023	04	21	210	000	C P 	5964	3517	75000000
TSLA  	2023	04	21	215	000	C P 	3348	1665	75000000
TSLA  	2023	04	21	216	670	C P 	2130	3149	75000000
TSLA  	2023	04	21	220	000	C P 	7661	1251	75000000
TSLA  	2023	04	21	225	000	C P 	8853	2248	75000000
TSLA  	2023	04	21	230	000	C P 	3035	686	75000000
TSLA  	2023	04	21	233	330	C P 	1746	826	75000000
TSLA  	2023	04	21	235	000	C P 	1485	372	75000000
TSLA  	2023	04	21	240	000	C P 	8111	541	75000000
TSLA  	2023	04	21	241	670	C P 	1084	103	75000000
TSLA  	2023	04	21	243	330	C P 	1385	53	75000000
TSLA  	2023	04	21	245	000	C P 	1665	178	75000000
TSLA  	2023	04	21	246	670	C P 	1445	87	75000000
TSLA  	2023	04	21	248	330	C P 	872	329	75000000
TSLA  	2023	04	21	250	000	C P 	9737	883	75000000
TSLA  	2023	04	21	251	670	C P 	2023	83	75000000
TSLA  	2023	04	21	253	330	C P 	1381	45	75000000
TSLA  	2023	04	21	255	000	C P 	1813	48	75000000
TSLA  	2023	04	21	258	330	C P 	1175	896	75000000
TSLA  	2023	04	21	260	000	C P 	2380	6	75000000
TSLA  	2023	04	21	265	000	C P 	1308	6	75000000
TSLA  	2023	04	21	266	670	C P 	1936	199	75000000
TSLA  	2023	04	21	270	000	C P 	2570	2	75000000
TSLA  	2023	04	21	275	000	C P 	2292	112	75000000
TSLA  	2023	04	21	280	000	C P 	2175	207	75000000
TSLA  	2023	04	21	283	330	C P 	1341	215	75000000
TSLA  	2023	04	21	285	000	C P 	292	50	75000000
TSLA  	2023	04	21	290	000	C P 	510	0	75000000
TSLA  	2023	04	21	291	670	C P 	3099	30	75000000
TSLA  	2023	04	21	295	000	C P 	132	1	75000000
TSLA  	2023	04	21	300	000	C P 	9626	43	75000000
TSLA  	2023	04	21	305	000	C P 	276	0	75000000
TSLA  	2023	04	21	308	330	C P 	4070	26	75000000
TSLA  	2023	04	21	310	000	C P 	1070	0	75000000
TSLA  	2023	04	21	316	670	C P 	21952	4	75000000
TSLA  	2023	04	21	320	000	C P 	158	0	75000000
TSLA  	2023	04	21	325	000	C P 	2771	11	75000000
TSLA  	2023	04	21	330	000	C P 	71	30	75000000
TSLA  	2023	04	21	333	330	C P 	7713	0	75000000
TSLA  	2023	04	21	340	000	C P 	17	0	75000000
TSLA  	2023	04	21	341	670	C P 	844	8	75000000
TSLA  	2023	04	21	350	000	C P 	3636	7	75000000
TSLA  	2023	04	21	358	330	C P 	975	0	75000000
TSLA  	2023	04	21	360	000	C P 	45	0	75000000
TSLA  	2023	04	21	366	670	C P 	1196	3	75000000
TSLA  	2023	04	21	370	000	C P 	44	0	75000000
TSLA  	2023	04	21	375	000	C P 	1637	8	75000000
TSLA  	2023	04	21	383	330	C P 	721	0	75000000
TSLA  	2023	04	21	391	670	C P 	439	0	75000000
TSLA  	2023	04	21	400	000	C P 	3715	0	75000000
TSLA  	2023	04	21	408	330	C P 	447	0	75000000
TSLA  	2023	04	21	416	670	C P 	1135	0	75000000
TSLA  	2023	04	21	425	000	C P 	4962	0	75000000
TSLA  	2023	04	21	433	330	C P 	17035	0	75000000
TSLA  	2023	04	21	441	670	C P 	751	0	75000000
TSLA  	2023	04	21	450	000	C P 	1371	0	75000000
TSLA  	2023	04	21	458	330	C P 	3253	0	75000000
TSLA  	2023	04	21	466	670	C P 	409	0	75000000
TSLA  	2023	04	21	475	000	C P 	960	0	75000000
TSLA  	2023	04	21	483	330	C P 	826	0	75000000
TSLA  	2023	04	21	491	670	C P 	195	0	75000000
TSLA  	2023	04	21	500	000	C P 	3643	0	75000000
TSLA  	2023	04	21	508	330	C P 	900	0	75000000
TSLA  	2023	04	21	516	670	C P 	508	0	75000000
TSLA  	2023	04	21	525	000	C P 	488	0	75000000
TSLA  	2023	04	21	533	330	C P 	535	0	75000000
TSLA  	2023	04	21	541	670	C P 	599	0	75000000
TSLA  	2023	04	21	550	000	C P 	11287	0	75000000
TSLA  	2023	04	21	558	330	C P 	316	0	75000000
TSLA  	2023	04	21	566	670	C P 	631	0	75000000
TSLA  	2023	04	21	575	000	C P 	1711	0	75000000
TSLA  	2023	04	21	583	330	C P 	1049	0	75000000
TSLA  	2023	04	21	600	000	C P 	21998	0	75000000
TSLA  	2023	05	19	50	000	C P 	62	3290	75000000
TSLA  	2023	05	19	55	000	C P 	51	600	75000000
TSLA  	2023	05	19	60	000	C P 	159	951	75000000
TSLA  	2023	05	19	65	000	C P 	64	453	75000000
TSLA  	2023	05	19	70	000	C P 	178	1454	75000000
TSLA  	2023	05	19	75	000	C P 	135	1650	75000000
TSLA  	2023	05	19	80	000	C P 	84	1615	75000000
TSLA  	2023	05	19	85	000	C P 	62	1779	75000000
TSLA  	2023	05	19	90	000	C P 	243	2856	75000000
TSLA  	2023	05	19	95	000	C P 	134	1900	75000000
TSLA  	2023	05	19	100	000	C P 	1101	19767	75000000
TSLA  	2023	05	19	105	000	C P 	286	6188	75000000
TSLA  	2023	05	19	110	000	C P 	980	7316	75000000
TSLA  	2023	05	19	115	000	C P 	1338	1962	75000000
TSLA  	2023	05	19	120	000	C P 	2194	8136	75000000
TSLA  	2023	05	19	125	000	C P 	3744	2588	75000000
TSLA  	2023	05	19	130	000	C P 	2704	5040	75000000
TSLA  	2023	05	19	135	000	C P 	2090	2268	75000000
TSLA  	2023	05	19	140	000	C P 	1888	11624	75000000
TSLA  	2023	05	19	145	000	C P 	2510	2102	75000000
TSLA  	2023	05	19	150	000	C P 	3977	4933	75000000
TSLA  	2023	05	19	155	000	C P 	1382	1712	75000000
TSLA  	2023	05	19	160	000	C P 	3190	4832	75000000
TSLA  	2023	05	19	165	000	C P 	1379	1517	75000000
TSLA  	2023	05	19	170	000	C P 	2809	4833	75000000
TSLA  	2023	05	19	175	000	C P 	2172	1911	75000000
TSLA  	2023	05	19	180	000	C P 	8034	4072	75000000
TSLA  	2023	05	19	185	000	C P 	1813	1563	75000000
TSLA  	2023	05	19	190	000	C P 	2642	3697	75000000
TSLA  	2023	05	19	195	000	C P 	3257	2310	75000000
TSLA  	2023	05	19	200	000	C P 	8984	3734	75000000
TSLA  	2023	05	19	205	000	C P 	4210	5014	75000000
TSLA  	2023	05	19	210	000	C P 	10784	3085	75000000
TSLA  	2023	05	19	215	000	C P 	26058	2568	75000000
TSLA  	2023	05	19	220	000	C P 	7578	1774	75000000
TSLA  	2023	05	19	225	000	C P 	3302	923	75000000
TSLA  	2023	05	19	230	000	C P 	2373	679	75000000
TSLA  	2023	05	19	235	000	C P 	1789	296	75000000
TSLA  	2023	05	19	240	000	C P 	2870	103	75000000
TSLA  	2023	05	19	245	000	C P 	1167	149	75000000
TSLA  	2023	05	19	250	000	C P 	3565	88	75000000
TSLA  	2023	05	19	255	000	C P 	44	2	75000000
TSLA  	2023	05	19	260	000	C P 	1356	144	75000000
TSLA  	2023	05	19	265	000	C P 	15	0	75000000
TSLA  	2023	05	19	270	000	C P 	3513	130	75000000
TSLA  	2023	05	19	275	000	C P 	52	0	75000000
TSLA  	2023	05	19	280	000	C P 	878	23	75000000
TSLA  	2023	05	19	285	000	C P 	5	0	75000000
TSLA  	2023	05	19	290	000	C P 	438	367	75000000
TSLA  	2023	05	19	295	000	C P 	2	0	75000000
TSLA  	2023	05	19	300	000	C P 	1928	544	75000000
TSLA  	2023	05	19	310	000	C P 	548	5249	75000000
TSLA  	2023	05	19	320	000	C P 	1013	1168	75000000
TSLA  	2023	05	19	330	000	C P 	604	26	75000000
TSLA  	2023	05	19	340	000	C P 	586	3	75000000
TSLA  	2023	05	19	350	000	C P 	481	5	75000000
TSLA  	2023	05	19	360	000	C P 	759	1	75000000
TSLA  	2023	05	19	370	000	C P 	234	0	75000000
TSLA  	2023	05	19	380	000	C P 	404	0	75000000
TSLA  	2023	05	19	390	000	C P 	1107	1	75000000
TSLA  	2023	05	19	400	000	C P 	28	0	75000000
TSLA  	2023	05	19	410	000	C P 	102	0	75000000
TSLA  	2023	06	16	1	670	C P 	103	41939	75000000
TSLA  	2023	06	16	3	330	C P 	399	5010	75000000
TSLA  	2023	06	16	5	000	C P 	108	1684	75000000
TSLA  	2023	06	16	6	670	C P 	75	1309	75000000
TSLA  	2023	06	16	8	330	C P 	425	2371	75000000
TSLA  	2023	06	16	10	000	C P 	3235	3746	75000000
TSLA  	2023	06	16	11	670	C P 	155	8573	75000000
TSLA  	2023	06	16	13	330	C P 	1234	5646	75000000
TSLA  	2023	06	16	15	000	C P 	168	4104	75000000
TSLA  	2023	06	16	16	670	C P 	489	9830	75000000
TSLA  	2023	06	16	18	330	C P 	88	5228	75000000
TSLA  	2023	06	16	33	330	C P 	862	16918	75000000
TSLA  	2023	06	16	50	000	C P 	1111	17777	75000000
TSLA  	2023	06	16	55	000	C P 	31	7369	75000000
TSLA  	2023	06	16	60	000	C P 	15	2266	75000000
TSLA  	2023	06	16	65	000	C P 	4	636	75000000
TSLA  	2023	06	16	66	670	C P 	1011	14234	75000000
TSLA  	2023	06	16	70	000	C P 	49	4060	75000000
TSLA  	2023	06	16	75	000	C P 	84	6701	75000000
TSLA  	2023	06	16	80	000	C P 	184	3849	75000000
TSLA  	2023	06	16	83	330	C P 	704	5054	75000000
TSLA  	2023	06	16	85	000	C P 	86	4491	75000000
TSLA  	2023	06	16	90	000	C P 	206	4192	75000000
TSLA  	2023	06	16	95	000	C P 	123	1632	75000000
TSLA  	2023	06	16	100	000	C P 	3474	30562	75000000
TSLA  	2023	06	16	105	000	C P 	362	5356	75000000
TSLA  	2023	06	16	110	000	C P 	1203	5565	75000000
TSLA  	2023	06	16	115	000	C P 	597	2923	75000000
TSLA  	2023	06	16	116	670	C P 	1787	5248	75000000
TSLA  	2023	06	16	120	000	C P 	3430	10041	75000000
TSLA  	2023	06	16	123	330	C P 	459	1128	75000000
TSLA  	2023	06	16	125	000	C P 	4147	8699	75000000
TSLA  	2023	06	16	126	670	C P 	908	1346	75000000
TSLA  	2023	06	16	130	000	C P 	3664	9303	75000000
TSLA  	2023	06	16	133	330	C P 	2526	8748	75000000
TSLA  	2023	06	16	135	000	C P 	2726	2654	75000000
TSLA  	2023	06	16	136	670	C P 	1082	2575	75000000
TSLA  	2023	06	16	140	000	C P 	7596	7225	75000000
TSLA  	2023	06	16	143	330	C P 	1229	3230	75000000
TSLA  	2023	06	16	145	000	C P 	2172	3724	75000000
TSLA  	2023	06	16	146	670	C P 	1581	1971	75000000
TSLA  	2023	06	16	150	000	C P 	12497	14636	75000000
TSLA  	2023	06	16	153	330	C P 	2438	3164	75000000
TSLA  	2023	06	16	155	000	C P 	1172	3173	75000000
TSLA  	2023	06	16	156	670	C P 	1639	786	75000000
TSLA  	2023	06	16	160	000	C P 	6509	7024	75000000
TSLA  	2023	06	16	163	330	C P 	971	1208	75000000
TSLA  	2023	06	16	165	000	C P 	1747	2903	75000000
TSLA  	2023	06	16	166	670	C P 	3620	13370	75000000
TSLA  	2023	06	16	170	000	C P 	2590	4895	75000000
TSLA  	2023	06	16	173	330	C P 	1451	6286	75000000
TSLA  	2023	06	16	175	000	C P 	2623	5494	75000000
TSLA  	2023	06	16	180	000	C P 	10036	8722	75000000
TSLA  	2023	06	16	183	330	C P 	9413	10232	75000000
TSLA  	2023	06	16	185	000	C P 	7998	7117	75000000
TSLA  	2023	06	16	186	670	C P 	962	2022	75000000
TSLA  	2023	06	16	190	000	C P 	5732	4855	75000000
TSLA  	2023	06	16	193	330	C P 	1959	7800	75000000
TSLA  	2023	06	16	195	000	C P 	2900	2857	75000000
TSLA  	2023	06	16	200	000	C P 	25610	21982	75000000
TSLA  	2023	06	16	205	000	C P 	2789	1456	75000000
TSLA  	2023	06	16	206	670	C P 	2537	2935	75000000
TSLA  	2023	06	16	210	000	C P 	5997	4357	75000000
TSLA  	2023	06	16	213	330	C P 	2331	2774	75000000
TSLA  	2023	06	16	215	000	C P 	3883	1406	75000000
TSLA  	2023	06	16	216	670	C P 	6687	6190	75000000
TSLA  	2023	06	16	220	000	C P 	8250	7112	75000000
TSLA  	2023	06	16	225	000	C P 	2390	1472	75000000
TSLA  	2023	06	16	226	670	C P 	2765	2274	75000000
TSLA  	2023	06	16	230	000	C P 	7234	3060	75000000
TSLA  	2023	06	16	233	330	C P 	11491	7996	75000000
TSLA  	2023	06	16	235	000	C P 	3855	875	75000000
TSLA  	2023	06	16	240	000	C P 	8404	3114	75000000
TSLA  	2023	06	16	243	330	C P 	1345	1704	75000000
TSLA  	2023	06	16	245	000	C P 	1990	86	75000000
TSLA  	2023	06	16	246	670	C P 	3068	95	75000000
TSLA  	2023	06	16	250	000	C P 	15831	3542	75000000
TSLA  	2023	06	16	253	330	C P 	1505	195	75000000
TSLA  	2023	06	16	255	000	C P 	1215	73	75000000
TSLA  	2023	06	16	260	000	C P 	6030	81	75000000
TSLA  	2023	06	16	265	000	C P 	2455	84	75000000
TSLA  	2023	06	16	266	670	C P 	7298	408	75000000
TSLA  	2023	06	16	270	000	C P 	1529	6	75000000
TSLA  	2023	06	16	273	330	C P 	1402	1051	75000000
TSLA  	2023	06	16	275	000	C P 	2176	9	75000000
TSLA  	2023	06	16	280	000	C P 	4359	70	75000000
TSLA  	2023	06	16	283	330	C P 	4646	51	75000000
TSLA  	2023	06	16	285	000	C P 	1008	2	75000000
TSLA  	2023	06	16	286	670	C P 	723	50	75000000
TSLA  	2023	06	16	290	000	C P 	1482	826	75000000
TSLA  	2023	06	16	293	330	C P 	1608	62	75000000
TSLA  	2023	06	16	295	000	C P 	313	258	75000000
TSLA  	2023	06	16	300	000	C P 	18231	196	75000000
TSLA  	2023	06	16	305	000	C P 	943	5	75000000
TSLA  	2023	06	16	306	670	C P 	1437	30	75000000
TSLA  	2023	06	16	310	000	C P 	1780	44	75000000
TSLA  	2023	06	16	313	330	C P 	542	33	75000000
TSLA  	2023	06	16	315	000	C P 	337	82	75000000
TSLA  	2023	06	16	316	670	C P 	7186	241	75000000
TSLA  	2023	06	16	320	000	C P 	2485	3	75000000
TSLA  	2023	06	16	326	670	C P 	9837	8	75000000
TSLA  	2023	06	16	330	000	C P 	2541	51	75000000
TSLA  	2023	06	16	333	330	C P 	33414	231	75000000
TSLA  	2023	06	16	340	000	C P 	1734	3	75000000
TSLA  	2023	06	16	346	670	C P 	1317	0	75000000
TSLA  	2023	06	16	350	000	C P 	8597	334	75000000
TSLA  	2023	06	16	353	330	C P 	986	0	75000000
TSLA  	2023	06	16	360	000	C P 	1925	3	75000000
TSLA  	2023	06	16	366	670	C P 	11029	469	75000000
TSLA  	2023	06	16	370	000	C P 	1010	0	75000000
TSLA  	2023	06	16	383	330	C P 	10899	0	75000000
TSLA  	2023	06	16	400	000	C P 	18163	961	75000000
TSLA  	2023	06	16	416	670	C P 	3566	0	75000000
TSLA  	2023	06	16	433	330	C P 	9651	0	75000000
TSLA  	2023	06	16	450	000	C P 	8171	0	75000000
TSLA  	2023	06	16	466	670	C P 	20924	0	75000000
TSLA  	2023	06	16	483	330	C P 	8305	0	75000000
TSLA  	2023	06	16	500	000	C P 	21063	0	75000000
TSLA  	2023	06	16	516	670	C P 	2618	0	75000000
TSLA  	2023	06	16	533	330	C P 	4873	0	75000000
TSLA  	2023	06	16	550	000	C P 	6103	0	75000000
TSLA  	2023	06	16	558	330	C P 	1603	0	75000000
TSLA  	2023	06	16	566	670	C P 	1276	0	75000000
TSLA  	2023	06	16	575	000	C P 	719	0	75000000
TSLA  	2023	06	16	583	330	C P 	1203	0	75000000
TSLA  	2023	06	16	591	670	C P 	399	0	75000000
TSLA  	2023	06	16	600	000	C P 	6656	0	75000000
TSLA  	2023	06	16	608	330	C P 	1106	0	75000000
TSLA  	2023	06	16	616	670	C P 	548	0	75000000
TSLA  	2023	06	16	625	000	C P 	2139	0	75000000
TSLA  	2023	06	16	633	330	C P 	5398	0	75000000
TSLA  	2023	06	16	641	670	C P 	450	0	75000000
TSLA  	2023	06	16	650	000	C P 	590	0	75000000
TSLA  	2023	06	16	666	670	C P 	18710	0	75000000
TSLA  	2023	06	16	675	000	C P 	936	0	75000000
TSLA  	2023	06	16	683	330	C P 	607	0	75000000
TSLA  	2023	06	16	691	670	C P 	894	0	75000000
TSLA  	2023	06	16	700	000	C P 	2806	0	75000000
TSLA  	2023	06	16	708	330	C P 	547	0	75000000
TSLA  	2023	06	16	716	670	C P 	705	0	75000000
TSLA  	2023	06	16	725	000	C P 	1184	0	75000000
TSLA  	2023	06	16	733	330	C P 	2256	0	75000000
TSLA  	2023	06	16	741	670	C P 	755	0	75000000
TSLA  	2023	06	16	750	000	C P 	11723	0	75000000
TSLA  	2023	06	16	758	330	C P 	1299	0	75000000
TSLA  	2023	06	16	766	670	C P 	1263	0	75000000
TSLA  	2023	06	16	775	000	C P 	1153	0	75000000
TSLA  	2023	06	16	783	330	C P 	2229	0	75000000
TSLA  	2023	06	16	791	670	C P 	1890	0	75000000
TSLA  	2023	06	16	800	000	C P 	10196	0	75000000
TSLA  	2023	06	16	808	330	C P 	1281	0	75000000
TSLA  	2023	06	16	816	670	C P 	1918	0	75000000
TSLA  	2023	06	16	825	000	C P 	42746	0	75000000
TSLA  	2023	07	21	5	000	C P 	32	723	75000000
TSLA  	2023	07	21	10	000	C P 	5	907	75000000
TSLA  	2023	07	21	15	000	C P 	4	657	75000000
TSLA  	2023	07	21	20	000	C P 	17	1214	75000000
TSLA  	2023	07	21	25	000	C P 	25	1025	75000000
TSLA  	2023	07	21	30	000	C P 	111	1449	75000000
TSLA  	2023	07	21	35	000	C P 	42	840	75000000
TSLA  	2023	07	21	40	000	C P 	21	1197	75000000
TSLA  	2023	07	21	45	000	C P 	38	651	75000000
TSLA  	2023	07	21	50	000	C P 	70	5156	75000000
TSLA  	2023	07	21	55	000	C P 	86	1857	75000000
TSLA  	2023	07	21	60	000	C P 	94	3690	75000000
TSLA  	2023	07	21	65	000	C P 	89	406	75000000
TSLA  	2023	07	21	70	000	C P 	25	2224	75000000
TSLA  	2023	07	21	75	000	C P 	63	4238	75000000
TSLA  	2023	07	21	80	000	C P 	79	3678	75000000
TSLA  	2023	07	21	85	000	C P 	54	1390	75000000
TSLA  	2023	07	21	90	000	C P 	121	3490	75000000
TSLA  	2023	07	21	95	000	C P 	68	1672	75000000
TSLA  	2023	07	21	100	000	C P 	336	5839	75000000
TSLA  	2023	07	21	105	000	C P 	373	2540	75000000
TSLA  	2023	07	21	110	000	C P 	1123	3791	75000000
TSLA  	2023	07	21	115	000	C P 	455	1057	75000000
TSLA  	2023	07	21	120	000	C P 	1249	4550	75000000
TSLA  	2023	07	21	125	000	C P 	1406	2223	75000000
TSLA  	2023	07	21	130	000	C P 	1500	2195	75000000
TSLA  	2023	07	21	135	000	C P 	1144	2996	75000000
TSLA  	2023	07	21	140	000	C P 	1484	4224	75000000
TSLA  	2023	07	21	145	000	C P 	1065	2290	75000000
TSLA  	2023	07	21	150	000	C P 	3190	3981	75000000
TSLA  	2023	07	21	155	000	C P 	1684	2881	75000000
TSLA  	2023	07	21	160	000	C P 	1763	1722	75000000
TSLA  	2023	07	21	165	000	C P 	673	1512	75000000
TSLA  	2023	07	21	170	000	C P 	1832	2851	75000000
TSLA  	2023	07	21	175	000	C P 	1640	1539	75000000
TSLA  	2023	07	21	180	000	C P 	2094	1960	75000000
TSLA  	2023	07	21	185	000	C P 	3935	13279	75000000
TSLA  	2023	07	21	190	000	C P 	3854	2352	75000000
TSLA  	2023	07	21	195	000	C P 	2858	1841	75000000
TSLA  	2023	07	21	200	000	C P 	5844	3806	75000000
TSLA  	2023	07	21	205	000	C P 	3739	2356	75000000
TSLA  	2023	07	21	210	000	C P 	6786	2357	75000000
TSLA  	2023	07	21	215	000	C P 	3408	1479	75000000
TSLA  	2023	07	21	220	000	C P 	2839	1583	75000000
TSLA  	2023	07	21	225	000	C P 	5282	2123	75000000
TSLA  	2023	07	21	230	000	C P 	1970	1273	75000000
TSLA  	2023	07	21	235	000	C P 	1706	697	75000000
TSLA  	2023	07	21	240	000	C P 	2493	1749	75000000
TSLA  	2023	07	21	245	000	C P 	2471	718	75000000
TSLA  	2023	07	21	250	000	C P 	24440	1513	75000000
TSLA  	2023	07	21	255	000	C P 	1013	681	75000000
TSLA  	2023	07	21	260	000	C P 	1619	119	75000000
TSLA  	2023	07	21	265	000	C P 	677	9	75000000
TSLA  	2023	07	21	270	000	C P 	833	125	75000000
TSLA  	2023	07	21	275	000	C P 	568	82	75000000
TSLA  	2023	07	21	280	000	C P 	1154	147	75000000
TSLA  	2023	07	21	285	000	C P 	1049	147	75000000
TSLA  	2023	07	21	290	000	C P 	371	35	75000000
TSLA  	2023	07	21	295	000	C P 	476	11	75000000
TSLA  	2023	07	21	300	000	C P 	2651	42	75000000
TSLA  	2023	07	21	305	000	C P 	237	6	75000000
TSLA  	2023	07	21	310	000	C P 	1392	6	75000000
TSLA  	2023	07	21	315	000	C P 	404	1	75000000
TSLA  	2023	07	21	320	000	C P 	973	2	75000000
TSLA  	2023	07	21	325	000	C P 	670	2	75000000
TSLA  	2023	07	21	330	000	C P 	434	25	75000000
TSLA  	2023	07	21	335	000	C P 	168	7	75000000
TSLA  	2023	07	21	340	000	C P 	437	16	75000000
TSLA  	2023	07	21	345	000	C P 	215	0	75000000
TSLA  	2023	07	21	350	000	C P 	807	1	75000000
TSLA  	2023	07	21	355	000	C P 	279	1	75000000
TSLA  	2023	07	21	360	000	C P 	562	3	75000000
TSLA  	2023	07	21	365	000	C P 	877	0	75000000
TSLA  	2023	07	21	370	000	C P 	1052	0	75000000
TSLA  	2023	07	21	375	000	C P 	3142	0	75000000
TSLA  	2023	07	21	380	000	C P 	193	0	75000000
TSLA  	2023	07	21	390	000	C P 	638	0	75000000
TSLA  	2023	07	21	400	000	C P 	60	0	75000000
TSLA  	2023	07	21	410	000	C P 	229	0	75000000
TSLA  	2023	09	15	1	670	C P 	861	20381	75000000
TSLA  	2023	09	15	3	330	C P 	1085	2859	75000000
TSLA  	2023	09	15	5	000	C P 	34	943	75000000
TSLA  	2023	09	15	6	670	C P 	29	3369	75000000
TSLA  	2023	09	15	8	330	C P 	32	1183	75000000
TSLA  	2023	09	15	10	000	C P 	26	2920	75000000
TSLA  	2023	09	15	11	670	C P 	49	620	75000000
TSLA  	2023	09	15	13	330	C P 	83	230	75000000
TSLA  	2023	09	15	15	000	C P 	0	138	75000000
TSLA  	2023	09	15	16	670	C P 	143	4213	75000000
TSLA  	2023	09	15	30	000	C P 	0	310	75000000
TSLA  	2023	09	15	33	330	C P 	3118	11342	75000000
TSLA  	2023	09	15	35	000	C P 	5	529	75000000
TSLA  	2023	09	15	40	000	C P 	9	281	75000000
TSLA  	2023	09	15	45	000	C P 	9	49	75000000
TSLA  	2023	09	15	50	000	C P 	418	7866	75000000
TSLA  	2023	09	15	55	000	C P 	23	2378	75000000
TSLA  	2023	09	15	60	000	C P 	30	4762	75000000
TSLA  	2023	09	15	65	000	C P 	4	2216	75000000
TSLA  	2023	09	15	66	670	C P 	434	5690	75000000
TSLA  	2023	09	15	70	000	C P 	101	620	75000000
TSLA  	2023	09	15	75	000	C P 	26	651	75000000
TSLA  	2023	09	15	80	000	C P 	275	912	75000000
TSLA  	2023	09	15	83	330	C P 	406	4270	75000000
TSLA  	2023	09	15	85	000	C P 	52	338	75000000
TSLA  	2023	09	15	90	000	C P 	485	2722	75000000
TSLA  	2023	09	15	95	000	C P 	70	2436	75000000
TSLA  	2023	09	15	100	000	C P 	2489	12146	75000000
TSLA  	2023	09	15	105	000	C P 	88	2169	75000000
TSLA  	2023	09	15	108	330	C P 	397	2109	75000000
TSLA  	2023	09	15	110	000	C P 	1198	1524	75000000
TSLA  	2023	09	15	115	000	C P 	260	2827	75000000
TSLA  	2023	09	15	116	670	C P 	569	12232	75000000
TSLA  	2023	09	15	120	000	C P 	854	2048	75000000
TSLA  	2023	09	15	123	330	C P 	523	1352	75000000
TSLA  	2023	09	15	125	000	C P 	1737	8141	75000000
TSLA  	2023	09	15	126	670	C P 	130	1069	75000000
TSLA  	2023	09	15	130	000	C P 	1399	5019	75000000
TSLA  	2023	09	15	133	330	C P 	220	2349	75000000
TSLA  	2023	09	15	135	000	C P 	231	1238	75000000
TSLA  	2023	09	15	136	670	C P 	287	968	75000000
TSLA  	2023	09	15	140	000	C P 	1732	2735	75000000
TSLA  	2023	09	15	141	670	C P 	763	1682	75000000
TSLA  	2023	09	15	143	330	C P 	284	1583	75000000
TSLA  	2023	09	15	145	000	C P 	347	2628	75000000
TSLA  	2023	09	15	146	670	C P 	1372	1093	75000000
TSLA  	2023	09	15	150	000	C P 	33705	9068	75000000
TSLA  	2023	09	15	153	330	C P 	30476	1822	75000000
TSLA  	2023	09	15	155	000	C P 	424	397	75000000
TSLA  	2023	09	15	156	670	C P 	394	828	75000000
TSLA  	2023	09	15	158	330	C P 	313	603	75000000
TSLA  	2023	09	15	160	000	C P 	3730	7233	75000000
TSLA  	2023	09	15	163	330	C P 	396	1501	75000000
TSLA  	2023	09	15	165	000	C P 	1247	960	75000000
TSLA  	2023	09	15	166	670	C P 	1391	3252	75000000
TSLA  	2023	09	15	170	000	C P 	634	796	75000000
TSLA  	2023	09	15	173	330	C P 	10306	3044	75000000
TSLA  	2023	09	15	175	000	C P 	10893	7937	75000000
TSLA  	2023	09	15	180	000	C P 	33690	7837	75000000
TSLA  	2023	09	15	183	330	C P 	32272	4815	75000000
TSLA  	2023	09	15	185	000	C P 	340	838	75000000
TSLA  	2023	09	15	186	670	C P 	519	3490	75000000
TSLA  	2023	09	15	190	000	C P 	745	3534	75000000
TSLA  	2023	09	15	191	670	C P 	489	1220	75000000
TSLA  	2023	09	15	193	330	C P 	897	3031	75000000
TSLA  	2023	09	15	195	000	C P 	479	1030	75000000
TSLA  	2023	09	15	200	000	C P 	11872	17377	75000000
TSLA  	2023	09	15	205	000	C P 	645	655	75000000
TSLA  	2023	09	15	206	670	C P 	1184	687	75000000
TSLA  	2023	09	15	208	330	C P 	620	1952	75000000
TSLA  	2023	09	15	210	000	C P 	2431	443	75000000
TSLA  	2023	09	15	213	330	C P 	970	1207	75000000
TSLA  	2023	09	15	215	000	C P 	1197	330	75000000
TSLA  	2023	09	15	216	670	C P 	2035	4088	75000000
TSLA  	2023	09	15	220	000	C P 	8889	4196	75000000
TSLA  	2023	09	15	225	000	C P 	3152	3423	75000000
TSLA  	2023	09	15	226	670	C P 	2324	1554	75000000
TSLA  	2023	09	15	230	000	C P 	3420	1105	75000000
TSLA  	2023	09	15	233	330	C P 	2804	3590	75000000
TSLA  	2023	09	15	235	000	C P 	790	1015	75000000
TSLA  	2023	09	15	240	000	C P 	1931	1885	75000000
TSLA  	2023	09	15	241	670	C P 	1348	1004	75000000
TSLA  	2023	09	15	245	000	C P 	238	370	75000000
TSLA  	2023	09	15	246	670	C P 	511	963	75000000
TSLA  	2023	09	15	250	000	C P 	10901	5775	75000000
TSLA  	2023	09	15	253	330	C P 	815	705	75000000
TSLA  	2023	09	15	255	000	C P 	358	156	75000000
TSLA  	2023	09	15	258	330	C P 	1170	2412	75000000
TSLA  	2023	09	15	260	000	C P 	11986	1418	75000000
TSLA  	2023	09	15	265	000	C P 	1217	151	75000000
TSLA  	2023	09	15	266	670	C P 	2345	324	75000000
TSLA  	2023	09	15	270	000	C P 	528	162	75000000
TSLA  	2023	09	15	273	330	C P 	857	383	75000000
TSLA  	2023	09	15	275	000	C P 	2900	3223	75000000
TSLA  	2023	09	15	280	000	C P 	2467	576	75000000
TSLA  	2023	09	15	283	330	C P 	1307	316	75000000
TSLA  	2023	09	15	286	670	C P 	590	97	75000000
TSLA  	2023	09	15	290	000	C P 	1492	65	75000000
TSLA  	2023	09	15	291	670	C P 	958	386	75000000
TSLA  	2023	09	15	293	330	C P 	1345	460	75000000
TSLA  	2023	09	15	300	000	C P 	8004	967	75000000
TSLA  	2023	09	15	306	670	C P 	2722	327	75000000
TSLA  	2023	09	15	308	330	C P 	868	335	75000000
TSLA  	2023	09	15	310	000	C P 	103	0	75000000
TSLA  	2023	09	15	313	330	C P 	804	287	75000000
TSLA  	2023	09	15	316	670	C P 	1622	162	75000000
TSLA  	2023	09	15	320	000	C P 	3466	169	75000000
TSLA  	2023	09	15	325	000	C P 	2811	75	75000000
TSLA  	2023	09	15	326	670	C P 	1070	5	75000000
TSLA  	2023	09	15	333	330	C P 	6457	83	75000000
TSLA  	2023	09	15	340	000	C P 	23368	148	75000000
TSLA  	2023	09	15	341	670	C P 	186	187	75000000
TSLA  	2023	09	15	346	670	C P 	574	137	75000000
TSLA  	2023	09	15	350	000	C P 	20931	328	75000000
TSLA  	2023	09	15	353	330	C P 	22639	149	75000000
TSLA  	2023	09	15	358	330	C P 	463	287	75000000
TSLA  	2023	09	15	360	000	C P 	3415	307	75000000
TSLA  	2023	09	15	366	670	C P 	2798	561	75000000
TSLA  	2023	09	15	375	000	C P 	3313	160	75000000
TSLA  	2023	09	15	383	330	C P 	4643	47	75000000
TSLA  	2023	09	15	391	670	C P 	842	14	75000000
TSLA  	2023	09	15	400	000	C P 	6011	69	75000000
TSLA  	2023	09	15	408	330	C P 	1610	1	75000000
TSLA  	2023	09	15	416	670	C P 	1110	0	75000000
TSLA  	2023	09	15	425	000	C P 	3325	0	75000000
TSLA  	2023	09	15	433	330	C P 	4936	12	75000000
TSLA  	2023	09	15	441	670	C P 	1060	0	75000000
TSLA  	2023	09	15	450	000	C P 	2545	0	75000000
TSLA  	2023	09	15	458	330	C P 	401	0	75000000
TSLA  	2023	09	15	466	670	C P 	2696	0	75000000
TSLA  	2023	09	15	475	000	C P 	337	0	75000000
TSLA  	2023	09	15	483	330	C P 	669	0	75000000
TSLA  	2023	09	15	491	670	C P 	1097	0	75000000
TSLA  	2023	09	15	500	000	C P 	5563	0	75000000
TSLA  	2023	09	15	508	330	C P 	812	0	75000000
TSLA  	2023	09	15	516	670	C P 	1270	0	75000000
TSLA  	2023	09	15	525	000	C P 	1191	0	75000000
TSLA  	2023	09	15	533	330	C P 	1582	0	75000000
TSLA  	2023	09	15	541	670	C P 	1167	0	75000000
TSLA  	2023	09	15	550	000	C P 	11729	0	75000000
TSLA  	2023	09	15	558	330	C P 	188	0	75000000
TSLA  	2023	09	15	566	670	C P 	4046	0	75000000
TSLA  	2023	09	15	575	000	C P 	414	0	75000000
TSLA  	2023	09	15	583	330	C P 	515	0	75000000
TSLA  	2023	09	15	591	670	C P 	2112	0	75000000
TSLA  	2023	09	15	600	000	C P 	8739	0	75000000
TSLA  	2023	09	15	608	330	C P 	676	0	75000000
TSLA  	2023	09	15	616	670	C P 	1021	0	75000000
TSLA  	2023	09	15	625	000	C P 	1093	0	75000000
TSLA  	2023	09	15	633	330	C P 	716	0	75000000
TSLA  	2023	09	15	641	670	C P 	425	0	75000000
TSLA  	2023	09	15	650	000	C P 	27723	0	75000000
TSLA  	2023	09	15	658	330	C P 	1206	0	75000000
TSLA  	2023	09	15	666	670	C P 	1367	0	75000000
TSLA  	2023	09	15	675	000	C P 	467	0	75000000
TSLA  	2023	09	15	683	330	C P 	459	0	75000000
TSLA  	2023	09	15	700	000	C P 	1578	0	75000000
TSLA  	2023	09	15	716	670	C P 	1040	0	75000000
TSLA  	2023	09	15	733	330	C P 	2322	0	75000000
TSLA  	2023	09	15	750	000	C P 	8211	0	75000000
TSLA  	2023	09	15	758	330	C P 	72031	0	75000000
TSLA  	2023	12	15	50	000	C P 	1399	14211	75000000
TSLA  	2023	12	15	55	000	C P 	222	1196	75000000
TSLA  	2023	12	15	60	000	C P 	40	1353	75000000
TSLA  	2023	12	15	65	000	C P 	4	388	75000000
TSLA  	2023	12	15	70	000	C P 	27	3880	75000000
TSLA  	2023	12	15	75	000	C P 	19	4131	75000000
TSLA  	2023	12	15	80	000	C P 	156	961	75000000
TSLA  	2023	12	15	85	000	C P 	2574	2368	75000000
TSLA  	2023	12	15	90	000	C P 	1648	6022	75000000
TSLA  	2023	12	15	95	000	C P 	831	515	75000000
TSLA  	2023	12	15	100	000	C P 	3404	7142	75000000
TSLA  	2023	12	15	105	000	C P 	322	2275	75000000
TSLA  	2023	12	15	110	000	C P 	679	2233	75000000
TSLA  	2023	12	15	115	000	C P 	1711	1683	75000000
TSLA  	2023	12	15	120	000	C P 	1027	1404	75000000
TSLA  	2023	12	15	125	000	C P 	527	1588	75000000
TSLA  	2023	12	15	130	000	C P 	770	11525	75000000
TSLA  	2023	12	15	135	000	C P 	788	6174	75000000
TSLA  	2023	12	15	140	000	C P 	944	2288	75000000
TSLA  	2023	12	15	145	000	C P 	620	960	75000000
TSLA  	2023	12	15	150	000	C P 	1503	12720	75000000
TSLA  	2023	12	15	155	000	C P 	393	1048	75000000
TSLA  	2023	12	15	160	000	C P 	2833	11051	75000000
TSLA  	2023	12	15	165	000	C P 	1440	531	75000000
TSLA  	2023	12	15	170	000	C P 	747	4565	75000000
TSLA  	2023	12	15	175	000	C P 	2078	454	75000000
TSLA  	2023	12	15	180	000	C P 	1598	1300	75000000
TSLA  	2023	12	15	185	000	C P 	562	660	75000000
TSLA  	2023	12	15	190	000	C P 	1100	567	75000000
TSLA  	2023	12	15	195	000	C P 	785	1026	75000000
TSLA  	2023	12	15	200	000	C P 	8225	1559	75000000
TSLA  	2023	12	15	205	000	C P 	6596	829	75000000
TSLA  	2023	12	15	210	000	C P 	3163	769	75000000
TSLA  	2023	12	15	215	000	C P 	1282	655	75000000
TSLA  	2023	12	15	220	000	C P 	1624	1197	75000000
TSLA  	2023	12	15	225	000	C P 	1121	303	75000000
TSLA  	2023	12	15	230	000	C P 	2250	734	75000000
TSLA  	2023	12	15	235	000	C P 	511	448	75000000
TSLA  	2023	12	15	240	000	C P 	5780	709	75000000
TSLA  	2023	12	15	245	000	C P 	2367	514	75000000
TSLA  	2023	12	15	250	000	C P 	15773	3668	75000000
TSLA  	2023	12	15	260	000	C P 	10283	1779	75000000
TSLA  	2023	12	15	270	000	C P 	4019	522	75000000
TSLA  	2023	12	15	280	000	C P 	1479	680	75000000
TSLA  	2023	12	15	290	000	C P 	502	493	75000000
TSLA  	2023	12	15	300	000	C P 	1760	1045	75000000
TSLA  	2023	12	15	310	000	C P 	765	621	75000000
TSLA  	2023	12	15	320	000	C P 	1160	543	75000000
TSLA  	2023	12	15	330	000	C P 	424	232	75000000
TSLA  	2023	12	15	340	000	C P 	329	120	75000000
TSLA  	2023	12	15	350	000	C P 	1099	183	75000000
TSLA  	2023	12	15	360	000	C P 	612	117	75000000
TSLA  	2023	12	15	370	000	C P 	159	244	75000000
TSLA  	2023	12	15	380	000	C P 	488	321	75000000
TSLA  	2023	12	15	390	000	C P 	1517	147	75000000
TSLA  	2023	12	15	400	000	C P 	14	0	75000000
TSLA  	2023	12	15	410	000	C P 	43	45	75000000
TSLA  	2024	01	19	1	670	C P 	2505	29779	75000000
TSLA  	2024	01	19	3	330	C P 	968	6105	75000000
TSLA  	2024	01	19	5	000	C P 	259	10876	75000000
TSLA  	2024	01	19	6	670	C P 	76	3483	75000000
TSLA  	2024	01	19	8	330	C P 	3902	2871	75000000
TSLA  	2024	01	19	10	000	C P 	294	4575	75000000
TSLA  	2024	01	19	11	670	C P 	253	3730	75000000
TSLA  	2024	01	19	13	330	C P 	819	512	75000000
TSLA  	2024	01	19	15	000	C P 	279	2088	75000000
TSLA  	2024	01	19	16	670	C P 	486	4691	75000000
TSLA  	2024	01	19	18	330	C P 	393	6118	75000000
TSLA  	2024	01	19	20	000	C P 	257	7615	75000000
TSLA  	2024	01	19	21	670	C P 	118	844	75000000
TSLA  	2024	01	19	23	330	C P 	382	3875	75000000
TSLA  	2024	01	19	25	000	C P 	369	3209	75000000
TSLA  	2024	01	19	26	670	C P 	833	1127	75000000
TSLA  	2024	01	19	28	330	C P 	341	747	75000000
TSLA  	2024	01	19	30	000	C P 	228	8841	75000000
TSLA  	2024	01	19	31	670	C P 	1326	1348	75000000
TSLA  	2024	01	19	33	330	C P 	4315	32821	75000000
TSLA  	2024	01	19	50	000	C P 	2166	31126	75000000
TSLA  	2024	01	19	55	000	C P 	80	1491	75000000
TSLA  	2024	01	19	60	000	C P 	250	2628	75000000
TSLA  	2024	01	19	65	000	C P 	266	751	75000000
TSLA  	2024	01	19	66	670	C P 	4703	14832	75000000
TSLA  	2024	01	19	70	000	C P 	155	815	75000000
TSLA  	2024	01	19	75	000	C P 	91	1224	75000000
TSLA  	2024	01	19	80	000	C P 	405	2023	75000000
TSLA  	2024	01	19	83	330	C P 	1067	8128	75000000
TSLA  	2024	01	19	85	000	C P 	511	435	75000000
TSLA  	2024	01	19	90	000	C P 	3548	1339	75000000
TSLA  	2024	01	19	95	000	C P 	2981	1554	75000000
TSLA  	2024	01	19	100	000	C P 	13993	41250	75000000
TSLA  	2024	01	19	105	000	C P 	1277	2124	75000000
TSLA  	2024	01	19	110	000	C P 	4800	7102	75000000
TSLA  	2024	01	19	115	000	C P 	4673	5600	75000000
TSLA  	2024	01	19	116	670	C P 	1928	8423	75000000
TSLA  	2024	01	19	120	000	C P 	3435	6593	75000000
TSLA  	2024	01	19	123	330	C P 	1961	2225	75000000
TSLA  	2024	01	19	125	000	C P 	2409	13686	75000000
TSLA  	2024	01	19	126	670	C P 	1743	6632	75000000
TSLA  	2024	01	19	130	000	C P 	5078	11803	75000000
TSLA  	2024	01	19	133	330	C P 	2435	11092	75000000
TSLA  	2024	01	19	135	000	C P 	1260	1315	75000000
TSLA  	2024	01	19	136	670	C P 	2432	2315	75000000
TSLA  	2024	01	19	140	000	C P 	5090	4282	75000000
TSLA  	2024	01	19	143	330	C P 	1674	2303	75000000
TSLA  	2024	01	19	145	000	C P 	783	872	75000000
TSLA  	2024	01	19	146	670	C P 	1043	1013	75000000
TSLA  	2024	01	19	150	000	C P 	17743	22403	75000000
TSLA  	2024	01	19	153	330	C P 	10511	1071	75000000
TSLA  	2024	01	19	155	000	C P 	562	1462	75000000
TSLA  	2024	01	19	156	670	C P 	1725	905	75000000
TSLA  	2024	01	19	160	000	C P 	3063	12521	75000000
TSLA  	2024	01	19	163	330	C P 	476	8287	75000000
TSLA  	2024	01	19	165	000	C P 	694	583	75000000
TSLA  	2024	01	19	166	670	C P 	6755	6906	75000000
TSLA  	2024	01	19	170	000	C P 	2797	6385	75000000
TSLA  	2024	01	19	173	330	C P 	853	2605	75000000
TSLA  	2024	01	19	175	000	C P 	1732	3967	75000000
TSLA  	2024	01	19	176	670	C P 	1022	1263	75000000
TSLA  	2024	01	19	180	000	C P 	39012	11074	75000000
TSLA  	2024	01	19	183	330	C P 	34446	7441	75000000
TSLA  	2024	01	19	185	000	C P 	1349	783	75000000
TSLA  	2024	01	19	186	670	C P 	1259	2294	75000000
TSLA  	2024	01	19	190	000	C P 	1597	748	75000000
TSLA  	2024	01	19	193	330	C P 	2293	9813	75000000
TSLA  	2024	01	19	195	000	C P 	729	1995	75000000
TSLA  	2024	01	19	200	000	C P 	33578	23840	75000000
TSLA  	2024	01	19	203	330	C P 	6322	2366	75000000
TSLA  	2024	01	19	206	670	C P 	1685	1293	75000000
TSLA  	2024	01	19	210	000	C P 	11356	6932	75000000
TSLA  	2024	01	19	213	330	C P 	1841	2696	75000000
TSLA  	2024	01	19	216	670	C P 	8595	6745	75000000
TSLA  	2024	01	19	220	000	C P 	7003	7210	75000000
TSLA  	2024	01	19	223	330	C P 	6088	1685	75000000
TSLA  	2024	01	19	226	670	C P 	19999	2995	75000000
TSLA  	2024	01	19	230	000	C P 	14561	18663	75000000
TSLA  	2024	01	19	233	330	C P 	36933	13573	75000000
TSLA  	2024	01	19	236	670	C P 	2012	1702	75000000
TSLA  	2024	01	19	240	000	C P 	4589	3780	75000000
TSLA  	2024	01	19	243	330	C P 	1291	2021	75000000
TSLA  	2024	01	19	246	670	C P 	1191	2109	75000000
TSLA  	2024	01	19	250	000	C P 	22191	5347	75000000
TSLA  	2024	01	19	253	330	C P 	2869	2090	75000000
TSLA  	2024	01	19	256	670	C P 	2827	1641	75000000
TSLA  	2024	01	19	260	000	C P 	7657	3240	75000000
TSLA  	2024	01	19	263	330	C P 	7759	2159	75000000
TSLA  	2024	01	19	266	670	C P 	10196	8769	75000000
TSLA  	2024	01	19	270	000	C P 	4685	5121	75000000
TSLA  	2024	01	19	273	330	C P 	3397	3092	75000000
TSLA  	2024	01	19	276	670	C P 	1977	1781	75000000
TSLA  	2024	01	19	280	000	C P 	9298	6511	75000000
TSLA  	2024	01	19	283	330	C P 	3144	3089	75000000
TSLA  	2024	01	19	286	670	C P 	2472	1509	75000000
TSLA  	2024	01	19	290	000	C P 	9077	577	75000000
TSLA  	2024	01	19	293	330	C P 	2901	1989	75000000
TSLA  	2024	01	19	296	670	C P 	2179	1688	75000000
TSLA  	2024	01	19	300	000	C P 	25704	6204	75000000
TSLA  	2024	01	19	303	330	C P 	3451	289	75000000
TSLA  	2024	01	19	306	670	C P 	6581	134	75000000
TSLA  	2024	01	19	310	000	C P 	3712	1038	75000000
TSLA  	2024	01	19	313	330	C P 	1200	26	75000000
TSLA  	2024	01	19	316	670	C P 	4149	306	75000000
TSLA  	2024	01	19	320	000	C P 	6747	325	75000000
TSLA  	2024	01	19	323	330	C P 	453	268	75000000
TSLA  	2024	01	19	325	000	C P 	10253	135	75000000
TSLA  	2024	01	19	326	670	C P 	1376	630	75000000
TSLA  	2024	01	19	330	000	C P 	7452	11	75000000
TSLA  	2024	01	19	333	330	C P 	30441	1723	75000000
TSLA  	2024	01	19	336	670	C P 	1467	7	75000000
TSLA  	2024	01	19	340	000	C P 	3712	5	75000000
TSLA  	2024	01	19	341	670	C P 	928	10	75000000
TSLA  	2024	01	19	343	330	C P 	552	0	75000000
TSLA  	2024	01	19	346	670	C P 	2398	3	75000000
TSLA  	2024	01	19	350	000	C P 	15584	761	75000000
TSLA  	2024	01	19	353	330	C P 	1163	0	75000000
TSLA  	2024	01	19	356	670	C P 	902	0	75000000
TSLA  	2024	01	19	358	330	C P 	1237	3	75000000
TSLA  	2024	01	19	360	000	C P 	9291	600	75000000
TSLA  	2024	01	19	363	330	C P 	517	7	75000000
TSLA  	2024	01	19	366	670	C P 	38803	2807	75000000
TSLA  	2024	01	19	370	000	C P 	5982	4	75000000
TSLA  	2024	01	19	373	330	C P 	1058	12	75000000
TSLA  	2024	01	19	375	000	C P 	11421	8	75000000
TSLA  	2024	01	19	376	670	C P 	553	106	75000000
TSLA  	2024	01	19	380	000	C P 	1117	2	75000000
TSLA  	2024	01	19	383	330	C P 	3092	3	75000000
TSLA  	2024	01	19	386	670	C P 	408	203	75000000
TSLA  	2024	01	19	390	000	C P 	920	1	75000000
TSLA  	2024	01	19	391	670	C P 	2316	1	75000000
TSLA  	2024	01	19	393	330	C P 	518	4	75000000
TSLA  	2024	01	19	396	670	C P 	2708	0	75000000
TSLA  	2024	01	19	400	000	C P 	41301	1021	75000000
TSLA  	2024	01	19	408	330	C P 	5170	21	75000000
TSLA  	2024	01	19	416	670	C P 	4046	2172	75000000
TSLA  	2024	01	19	425	000	C P 	4493	18	75000000
TSLA  	2024	01	19	433	330	C P 	5781	3	75000000
TSLA  	2024	01	19	441	670	C P 	1302	0	75000000
TSLA  	2024	01	19	450	000	C P 	7991	2592	75000000
TSLA  	2024	01	19	458	330	C P 	2004	0	75000000
TSLA  	2024	01	19	466	670	C P 	27612	0	75000000
TSLA  	2024	01	19	475	000	C P 	5074	195	75000000
TSLA  	2024	01	19	483	330	C P 	1583	20	75000000
TSLA  	2024	01	19	491	670	C P 	2151	0	75000000
TSLA  	2024	01	19	500	000	C P 	36378	0	75000000
TSLA  	2024	01	19	516	670	C P 	4839	0	75000000
TSLA  	2024	01	19	533	330	C P 	20825	0	75000000
TSLA  	2024	01	19	550	000	C P 	16154	0	75000000
TSLA  	2024	01	19	558	330	C P 	1202	0	75000000
TSLA  	2024	01	19	566	670	C P 	11406	0	75000000
TSLA  	2024	01	19	575	000	C P 	13823	0	75000000
TSLA  	2024	01	19	583	330	C P 	13823	0	75000000
TSLA  	2024	01	19	591	670	C P 	2279	0	75000000
TSLA  	2024	01	19	600	000	C P 	18644	0	75000000
TSLA  	2024	01	19	608	330	C P 	2281	0	75000000
TSLA  	2024	01	19	616	670	C P 	11852	0	75000000
TSLA  	2024	01	19	625	000	C P 	2413	0	75000000
TSLA  	2024	01	19	633	330	C P 	5739	0	75000000
TSLA  	2024	01	19	641	670	C P 	929	0	75000000
TSLA  	2024	01	19	650	000	C P 	3209	0	75000000
TSLA  	2024	01	19	666	670	C P 	40730	0	75000000
TSLA  	2024	01	19	675	000	C P 	4363	0	75000000
TSLA  	2024	01	19	683	330	C P 	7130	0	75000000
TSLA  	2024	01	19	691	670	C P 	1564	0	75000000
TSLA  	2024	01	19	700	000	C P 	5357	0	75000000
TSLA  	2024	01	19	708	330	C P 	762	0	75000000
TSLA  	2024	01	19	716	670	C P 	6080	0	75000000
TSLA  	2024	01	19	725	000	C P 	2753	3	75000000
TSLA  	2024	01	19	733	330	C P 	3398	0	75000000
TSLA  	2024	01	19	741	670	C P 	805	0	75000000
TSLA  	2024	01	19	750	000	C P 	2379	0	75000000
TSLA  	2024	01	19	758	330	C P 	932	0	75000000
TSLA  	2024	01	19	766	670	C P 	2114	0	75000000
TSLA  	2024	01	19	775	000	C P 	2836	0	75000000
TSLA  	2024	01	19	783	330	C P 	743	0	75000000
TSLA  	2024	01	19	791	670	C P 	3183	0	75000000
TSLA  	2024	01	19	800	000	C P 	13908	0	75000000
TSLA  	2024	01	19	808	330	C P 	3965	0	75000000
TSLA  	2024	01	19	816	670	C P 	5822	0	75000000
TSLA  	2024	01	19	825	000	C P 	77914	0	75000000
TSLA  	2024	03	15	1	670	C P 	106	1895	75000000
TSLA  	2024	03	15	3	330	C P 	22	779	75000000
TSLA  	2024	03	15	5	000	C P 	64	905	75000000
TSLA  	2024	03	15	6	670	C P 	6	93	75000000
TSLA  	2024	03	15	8	330	C P 	16	139	75000000
TSLA  	2024	03	15	10	000	C P 	17	345	75000000
TSLA  	2024	03	15	11	670	C P 	11	420	75000000
TSLA  	2024	03	15	13	330	C P 	21	55	75000000
TSLA  	2024	03	15	15	000	C P 	24	423	75000000
TSLA  	2024	03	15	16	670	C P 	124	259	75000000
TSLA  	2024	03	15	33	330	C P 	809	2003	75000000
TSLA  	2024	03	15	50	000	C P 	452	5792	75000000
TSLA  	2024	03	15	55	000	C P 	30	303	75000000
TSLA  	2024	03	15	60	000	C P 	45	858	75000000
TSLA  	2024	03	15	65	000	C P 	31	828	75000000
TSLA  	2024	03	15	66	670	C P 	2037	1010	75000000
TSLA  	2024	03	15	70	000	C P 	50	238	75000000
TSLA  	2024	03	15	75	000	C P 	20	446	75000000
TSLA  	2024	03	15	80	000	C P 	191	558	75000000
TSLA  	2024	03	15	83	330	C P 	999	4510	75000000
TSLA  	2024	03	15	85	000	C P 	291	1100	75000000
TSLA  	2024	03	15	90	000	C P 	768	781	75000000
TSLA  	2024	03	15	95	000	C P 	1561	411	75000000
TSLA  	2024	03	15	100	000	C P 	3359	3189	75000000
TSLA  	2024	03	15	105	000	C P 	819	729	75000000
TSLA  	2024	03	15	110	000	C P 	913	2548	75000000
TSLA  	2024	03	15	115	000	C P 	2046	211	75000000
TSLA  	2024	03	15	116	670	C P 	609	1050	75000000
TSLA  	2024	03	15	120	000	C P 	327	719	75000000
TSLA  	2024	03	15	125	000	C P 	793	742	75000000
TSLA  	2024	03	15	130	000	C P 	1556	543	75000000
TSLA  	2024	03	15	133	330	C P 	590	5742	75000000
TSLA  	2024	03	15	135	000	C P 	206	307	75000000
TSLA  	2024	03	15	140	000	C P 	224	277	75000000
TSLA  	2024	03	15	141	670	C P 	567	348	75000000
TSLA  	2024	03	15	145	000	C P 	300	407	75000000
TSLA  	2024	03	15	150	000	C P 	1299	4452	75000000
TSLA  	2024	03	15	155	000	C P 	92	210	75000000
TSLA  	2024	03	15	158	330	C P 	174	583	75000000
TSLA  	2024	03	15	160	000	C P 	244	4374	75000000
TSLA  	2024	03	15	165	000	C P 	155	3893	75000000
TSLA  	2024	03	15	166	670	C P 	587	1181	75000000
TSLA  	2024	03	15	170	000	C P 	290	8894	75000000
TSLA  	2024	03	15	175	000	C P 	745	1943	75000000
TSLA  	2024	03	15	180	000	C P 	282	649	75000000
TSLA  	2024	03	15	183	330	C P 	514	1196	75000000
TSLA  	2024	03	15	185	000	C P 	252	260	75000000
TSLA  	2024	03	15	190	000	C P 	1209	278	75000000
TSLA  	2024	03	15	191	670	C P 	1476	1393	75000000
TSLA  	2024	03	15	195	000	C P 	548	143	75000000
TSLA  	2024	03	15	200	000	C P 	5353	4731	75000000
TSLA  	2024	03	15	208	330	C P 	1199	728	75000000
TSLA  	2024	03	15	210	000	C P 	505	199	75000000
TSLA  	2024	03	15	216	670	C P 	1499	841	75000000
TSLA  	2024	03	15	220	000	C P 	526	65	75000000
TSLA  	2024	03	15	225	000	C P 	2082	2421	75000000
TSLA  	2024	03	15	230	000	C P 	284	82	75000000
TSLA  	2024	03	15	233	330	C P 	1627	996	75000000
TSLA  	2024	03	15	240	000	C P 	185	51	75000000
TSLA  	2024	03	15	241	670	C P 	1131	955	75000000
TSLA  	2024	03	15	250	000	C P 	2160	1406	75000000
TSLA  	2024	03	15	258	330	C P 	4133	1036	75000000
TSLA  	2024	03	15	260	000	C P 	586	95	75000000
TSLA  	2024	03	15	266	670	C P 	4467	810	75000000
TSLA  	2024	03	15	270	000	C P 	309	3	75000000
TSLA  	2024	03	15	275	000	C P 	8970	1011	75000000
TSLA  	2024	03	15	280	000	C P 	152	89	75000000
TSLA  	2024	03	15	283	330	C P 	1140	709	75000000
TSLA  	2024	03	15	290	000	C P 	14	4	75000000
TSLA  	2024	03	15	291	670	C P 	1289	129	75000000
TSLA  	2024	03	15	300	000	C P 	4870	707	75000000
TSLA  	2024	03	15	308	330	C P 	397	41	75000000
TSLA  	2024	03	15	310	000	C P 	23	0	75000000
TSLA  	2024	03	15	316	670	C P 	926	391	75000000
TSLA  	2024	03	15	325	000	C P 	1580	17	75000000
TSLA  	2024	03	15	333	330	C P 	1094	27	75000000
TSLA  	2024	03	15	341	670	C P 	294	45	75000000
TSLA  	2024	03	15	350	000	C P 	846	82	75000000
TSLA  	2024	03	15	358	330	C P 	464	69	75000000
TSLA  	2024	03	15	366	670	C P 	535	250	75000000
TSLA  	2024	03	15	375	000	C P 	829	2	75000000
TSLA  	2024	03	15	383	330	C P 	195	1338	75000000
TSLA  	2024	03	15	391	670	C P 	318	8	75000000
TSLA  	2024	03	15	400	000	C P 	1290	221	75000000
TSLA  	2024	03	15	408	330	C P 	640	53	75000000
TSLA  	2024	03	15	416	670	C P 	367	366	75000000
TSLA  	2024	03	15	425	000	C P 	891	48	75000000
TSLA  	2024	03	15	433	330	C P 	566	0	75000000
TSLA  	2024	03	15	441	670	C P 	171	0	75000000
TSLA  	2024	03	15	450	000	C P 	1476	0	75000000
TSLA  	2024	03	15	458	330	C P 	245	2	75000000
TSLA  	2024	03	15	466	670	C P 	823	0	75000000
TSLA  	2024	03	15	475	000	C P 	432	0	75000000
TSLA  	2024	03	15	483	330	C P 	487	0	75000000
TSLA  	2024	03	15	491	670	C P 	321	0	75000000
TSLA  	2024	03	15	500	000	C P 	2980	0	75000000
TSLA  	2024	03	15	508	330	C P 	227	0	75000000
TSLA  	2024	03	15	516	670	C P 	692	0	75000000
TSLA  	2024	03	15	525	000	C P 	118	0	75000000
TSLA  	2024	03	15	533	330	C P 	221	0	75000000
TSLA  	2024	03	15	541	670	C P 	165	0	75000000
TSLA  	2024	03	15	550	000	C P 	490	0	75000000
TSLA  	2024	03	15	558	330	C P 	264	0	75000000
TSLA  	2024	03	15	566	670	C P 	386	0	75000000
TSLA  	2024	03	15	575	000	C P 	670	0	75000000
TSLA  	2024	03	15	583	330	C P 	490	0	75000000
TSLA  	2024	03	15	600	000	C P 	3923	0	75000000
TSLA  	2024	06	21	1	670	C P 	629	16460	75000000
TSLA  	2024	06	21	3	330	C P 	149	3280	75000000
TSLA  	2024	06	21	5	000	C P 	20	1519	75000000
TSLA  	2024	06	21	6	670	C P 	219	1218	75000000
TSLA  	2024	06	21	8	330	C P 	121	368	75000000
TSLA  	2024	06	21	10	000	C P 	275	1827	75000000
TSLA  	2024	06	21	11	670	C P 	540	336	75000000
TSLA  	2024	06	21	13	330	C P 	36	217	75000000
TSLA  	2024	06	21	16	670	C P 	1407	3649	75000000
TSLA  	2024	06	21	33	330	C P 	7801	5347	75000000
TSLA  	2024	06	21	50	000	C P 	1903	4882	75000000
TSLA  	2024	06	21	55	000	C P 	6	383	75000000
TSLA  	2024	06	21	60	000	C P 	57	511	75000000
TSLA  	2024	06	21	65	000	C P 	114	2124	75000000
TSLA  	2024	06	21	66	670	C P 	1877	4359	75000000
TSLA  	2024	06	21	70	000	C P 	48	270	75000000
TSLA  	2024	06	21	75	000	C P 	74	195	75000000
TSLA  	2024	06	21	80	000	C P 	113	1475	75000000
TSLA  	2024	06	21	83	330	C P 	30601	4179	75000000
TSLA  	2024	06	21	85	000	C P 	60	862	75000000
TSLA  	2024	06	21	90	000	C P 	530	1185	75000000
TSLA  	2024	06	21	95	000	C P 	363	428	75000000
TSLA  	2024	06	21	100	000	C P 	5366	9905	75000000
TSLA  	2024	06	21	105	000	C P 	798	910	75000000
TSLA  	2024	06	21	110	000	C P 	494	2231	75000000
TSLA  	2024	06	21	115	000	C P 	414	254	75000000
TSLA  	2024	06	21	116	670	C P 	2471	1020	75000000
TSLA  	2024	06	21	120	000	C P 	572	1241	75000000
TSLA  	2024	06	21	123	330	C P 	643	3518	75000000
TSLA  	2024	06	21	125	000	C P 	166	2237	75000000
TSLA  	2024	06	21	126	670	C P 	668	1259	75000000
TSLA  	2024	06	21	130	000	C P 	840	1826	75000000
TSLA  	2024	06	21	133	330	C P 	1903	2857	75000000
TSLA  	2024	06	21	135	000	C P 	60	383	75000000
TSLA  	2024	06	21	136	670	C P 	427	1837	75000000
TSLA  	2024	06	21	140	000	C P 	1502	2594	75000000
TSLA  	2024	06	21	143	330	C P 	1405	1654	75000000
TSLA  	2024	06	21	145	000	C P 	618	218	75000000
TSLA  	2024	06	21	146	670	C P 	1652	563	75000000
TSLA  	2024	06	21	150	000	C P 	4385	9852	75000000
TSLA  	2024	06	21	153	330	C P 	296	853	75000000
TSLA  	2024	06	21	155	000	C P 	84	446	75000000
TSLA  	2024	06	21	156	670	C P 	384	272	75000000
TSLA  	2024	06	21	160	000	C P 	881	2743	75000000
TSLA  	2024	06	21	163	330	C P 	187	1441	75000000
TSLA  	2024	06	21	165	000	C P 	347	897	75000000
TSLA  	2024	06	21	166	670	C P 	1724	5527	75000000
TSLA  	2024	06	21	170	000	C P 	312	881	75000000
TSLA  	2024	06	21	173	330	C P 	594	5867	75000000
TSLA  	2024	06	21	175	000	C P 	939	397	75000000
TSLA  	2024	06	21	180	000	C P 	1365	6672	75000000
TSLA  	2024	06	21	183	330	C P 	931	3710	75000000
TSLA  	2024	06	21	185	000	C P 	296	243	75000000
TSLA  	2024	06	21	186	670	C P 	1322	1656	75000000
TSLA  	2024	06	21	190	000	C P 	335	122	75000000
TSLA  	2024	06	21	193	330	C P 	1027	4332	75000000
TSLA  	2024	06	21	195	000	C P 	233	914	75000000
TSLA  	2024	06	21	200	000	C P 	4882	10055	75000000
TSLA  	2024	06	21	206	670	C P 	1123	2953	75000000
TSLA  	2024	06	21	210	000	C P 	419	139	75000000
TSLA  	2024	06	21	213	330	C P 	838	1202	75000000
TSLA  	2024	06	21	216	670	C P 	1657	5370	75000000
TSLA  	2024	06	21	220	000	C P 	2544	2408	75000000
TSLA  	2024	06	21	226	670	C P 	2601	3524	75000000
TSLA  	2024	06	21	230	000	C P 	572	149	75000000
TSLA  	2024	06	21	233	330	C P 	6651	7245	75000000
TSLA  	2024	06	21	240	000	C P 	2140	4867	75000000
TSLA  	2024	06	21	246	670	C P 	2259	1234	75000000
TSLA  	2024	06	21	250	000	C P 	5563	3591	75000000
TSLA  	2024	06	21	253	330	C P 	1312	852	75000000
TSLA  	2024	06	21	260	000	C P 	2077	950	75000000
TSLA  	2024	06	21	266	670	C P 	10110	3339	75000000
TSLA  	2024	06	21	270	000	C P 	1455	1885	75000000
TSLA  	2024	06	21	273	330	C P 	1257	792	75000000
TSLA  	2024	06	21	276	670	C P 	1023	809	75000000
TSLA  	2024	06	21	280	000	C P 	1242	1601	75000000
TSLA  	2024	06	21	283	330	C P 	3609	1362	75000000
TSLA  	2024	06	21	286	670	C P 	1004	766	75000000
TSLA  	2024	06	21	290	000	C P 	2339	1161	75000000
TSLA  	2024	06	21	293	330	C P 	1112	970	75000000
TSLA  	2024	06	21	296	670	C P 	1025	361	75000000
TSLA  	2024	06	21	300	000	C P 	9305	843	75000000
TSLA  	2024	06	21	303	330	C P 	1422	687	75000000
TSLA  	2024	06	21	306	670	C P 	1512	269	75000000
TSLA  	2024	06	21	310	000	C P 	1824	519	75000000
TSLA  	2024	06	21	313	330	C P 	1249	722	75000000
TSLA  	2024	06	21	316	670	C P 	2377	59	75000000
TSLA  	2024	06	21	320	000	C P 	696	664	75000000
TSLA  	2024	06	21	323	330	C P 	457	309	75000000
TSLA  	2024	06	21	326	670	C P 	573	315	75000000
TSLA  	2024	06	21	330	000	C P 	2725	127	75000000
TSLA  	2024	06	21	333	330	C P 	7542	1108	75000000
TSLA  	2024	06	21	336	670	C P 	2328	248	75000000
TSLA  	2024	06	21	340	000	C P 	781	121	75000000
TSLA  	2024	06	21	343	330	C P 	1223	146	75000000
TSLA  	2024	06	21	346	670	C P 	399	73	75000000
TSLA  	2024	06	21	350	000	C P 	3459	71	75000000
TSLA  	2024	06	21	353	330	C P 	207	70	75000000
TSLA  	2024	06	21	356	670	C P 	479	53	75000000
TSLA  	2024	06	21	360	000	C P 	2635	33	75000000
TSLA  	2024	06	21	363	330	C P 	357	0	75000000
TSLA  	2024	06	21	366	670	C P 	4711	11	75000000
TSLA  	2024	06	21	370	000	C P 	3061	9	75000000
TSLA  	2024	06	21	373	330	C P 	559	115	75000000
TSLA  	2024	06	21	376	670	C P 	798	0	75000000
TSLA  	2024	06	21	380	000	C P 	1067	15	75000000
TSLA  	2024	06	21	383	330	C P 	1014	12	75000000
TSLA  	2024	06	21	386	670	C P 	302	7	75000000
TSLA  	2024	06	21	390	000	C P 	435	3	75000000
TSLA  	2024	06	21	393	330	C P 	920	2	75000000
TSLA  	2024	06	21	396	670	C P 	800	2	75000000
TSLA  	2024	06	21	400	000	C P 	38651	35	75000000
TSLA  	2024	06	21	416	670	C P 	3154	1	75000000
TSLA  	2024	06	21	433	330	C P 	3267	0	75000000
TSLA  	2024	06	21	450	000	C P 	3058	0	75000000
TSLA  	2024	06	21	466	670	C P 	5445	0	75000000
TSLA  	2024	06	21	483	330	C P 	1176	0	75000000
TSLA  	2024	06	21	500	000	C P 	11161	0	75000000
TSLA  	2024	06	21	516	670	C P 	2092	0	75000000
TSLA  	2024	06	21	533	330	C P 	3103	0	75000000
TSLA  	2024	06	21	550	000	C P 	2629	0	75000000
TSLA  	2024	06	21	566	670	C P 	1017	0	75000000
TSLA  	2024	06	21	583	330	C P 	1038	0	75000000
TSLA  	2024	06	21	600	000	C P 	17310	0	75000000
TSLA  	2024	06	21	616	670	C P 	14009	0	75000000
TSLA  	2024	06	21	633	330	C P 	4532	0	75000000
TSLA  	2024	06	21	650	000	C P 	620	0	75000000
TSLA  	2024	06	21	666	670	C P 	6409	0	75000000
TSLA  	2024	06	21	683	330	C P 	1687	0	75000000
TSLA  	2024	06	21	700	000	C P 	3974	0	75000000
TSLA  	2024	06	21	716	670	C P 	902	0	75000000
TSLA  	2024	06	21	733	330	C P 	2193	0	75000000
TSLA  	2024	06	21	750	000	C P 	5821	0	75000000
TSLA  	2024	06	21	758	330	C P 	13484	0	75000000
TSLA  	2024	09	20	50	000	C P 	45	917	75000000
TSLA  	2024	09	20	55	000	C P 	29	175	75000000
TSLA  	2024	09	20	60	000	C P 	11	146	75000000
TSLA  	2024	09	20	65	000	C P 	39	79	75000000
TSLA  	2024	09	20	70	000	C P 	11	126	75000000
TSLA  	2024	09	20	75	000	C P 	10	2323	75000000
TSLA  	2024	09	20	80	000	C P 	66	143	75000000
TSLA  	2024	09	20	85	000	C P 	987	454	75000000
TSLA  	2024	09	20	90	000	C P 	47	196	75000000
TSLA  	2024	09	20	95	000	C P 	24	443	75000000
TSLA  	2024	09	20	100	000	C P 	387	2229	75000000
TSLA  	2024	09	20	105	000	C P 	188	726	75000000
TSLA  	2024	09	20	110	000	C P 	161	1098	75000000
TSLA  	2024	09	20	115	000	C P 	563	604	75000000
TSLA  	2024	09	20	120	000	C P 	717	558	75000000
TSLA  	2024	09	20	125	000	C P 	321	1201	75000000
TSLA  	2024	09	20	130	000	C P 	636	840	75000000
TSLA  	2024	09	20	135	000	C P 	580	282	75000000
TSLA  	2024	09	20	140	000	C P 	1094	354	75000000
TSLA  	2024	09	20	145	000	C P 	1293	355	75000000
TSLA  	2024	09	20	150	000	C P 	1459	2750	75000000
TSLA  	2024	09	20	155	000	C P 	531	309	75000000
TSLA  	2024	09	20	160	000	C P 	428	819	75000000
TSLA  	2024	09	20	165	000	C P 	277	109	75000000
TSLA  	2024	09	20	170	000	C P 	203	305	75000000
TSLA  	2024	09	20	175	000	C P 	236	126	75000000
TSLA  	2024	09	20	180	000	C P 	733	106	75000000
TSLA  	2024	09	20	185	000	C P 	835	933	75000000
TSLA  	2024	09	20	190	000	C P 	1608	128	75000000
TSLA  	2024	09	20	195	000	C P 	1422	122	75000000
TSLA  	2024	09	20	200	000	C P 	1781	1443	75000000
TSLA  	2024	09	20	210	000	C P 	771	269	75000000
TSLA  	2024	09	20	220	000	C P 	1398	412	75000000
TSLA  	2024	09	20	230	000	C P 	818	129	75000000
TSLA  	2024	09	20	240	000	C P 	483	306	75000000
TSLA  	2024	09	20	250	000	C P 	890	366	75000000
TSLA  	2024	09	20	260	000	C P 	906	70	75000000
TSLA  	2024	09	20	270	000	C P 	626	534	75000000
TSLA  	2024	09	20	280	000	C P 	330	579	75000000
TSLA  	2024	09	20	290	000	C P 	469	2811	75000000
TSLA  	2024	09	20	300	000	C P 	1083	1250	75000000
TSLA  	2024	09	20	310	000	C P 	179	788	75000000
TSLA  	2024	09	20	320	000	C P 	112	261	75000000
TSLA  	2024	09	20	330	000	C P 	108	118	75000000
TSLA  	2024	09	20	340	000	C P 	705	141	75000000
TSLA  	2024	09	20	350	000	C P 	1443	162	75000000
TSLA  	2024	09	20	360	000	C P 	58	85	75000000
TSLA  	2024	09	20	370	000	C P 	80	24	75000000
TSLA  	2024	09	20	380	000	C P 	94	4	75000000
TSLA  	2024	09	20	390	000	C P 	257	17	75000000
TSLA  	2024	09	20	400	000	C P 	7	25	75000000
TSLA  	2024	09	20	410	000	C P 	55	40	75000000
TSLA  	2025	01	17	5	000	C P 	659	11809	75000000
TSLA  	2025	01	17	10	000	C P 	139	932	75000000
TSLA  	2025	01	17	15	000	C P 	29	869	75000000
TSLA  	2025	01	17	20	000	C P 	385	5809	75000000
TSLA  	2025	01	17	25	000	C P 	103	2616	75000000
TSLA  	2025	01	17	30	000	C P 	13821	16566	75000000
TSLA  	2025	01	17	35	000	C P 	265	1157	75000000
TSLA  	2025	01	17	40	000	C P 	14708	15787	75000000
TSLA  	2025	01	17	45	000	C P 	2979	3201	75000000
TSLA  	2025	01	17	50	000	C P 	2717	8577	75000000
TSLA  	2025	01	17	55	000	C P 	2003	4257	75000000
TSLA  	2025	01	17	60	000	C P 	592	1959	75000000
TSLA  	2025	01	17	65	000	C P 	1639	1573	75000000
TSLA  	2025	01	17	70	000	C P 	2496	2229	75000000
TSLA  	2025	01	17	75	000	C P 	177	4294	75000000
TSLA  	2025	01	17	80	000	C P 	1303	1872	75000000
TSLA  	2025	01	17	85	000	C P 	1825	1612	75000000
TSLA  	2025	01	17	90	000	C P 	1066	5531	75000000
TSLA  	2025	01	17	95	000	C P 	141	504	75000000
TSLA  	2025	01	17	100	000	C P 	5365	17930	75000000
TSLA  	2025	01	17	105	000	C P 	323	1674	75000000
TSLA  	2025	01	17	110	000	C P 	5448	7107	75000000
TSLA  	2025	01	17	115	000	C P 	3213	3251	75000000
TSLA  	2025	01	17	120	000	C P 	8412	6113	75000000
TSLA  	2025	01	17	125	000	C P 	2138	1166	75000000
TSLA  	2025	01	17	130	000	C P 	5622	7217	75000000
TSLA  	2025	01	17	135	000	C P 	5700	720	75000000
TSLA  	2025	01	17	140	000	C P 	8628	4794	75000000
TSLA  	2025	01	17	145	000	C P 	768	684	75000000
TSLA  	2025	01	17	150	000	C P 	11878	12409	75000000
TSLA  	2025	01	17	155	000	C P 	418	501	75000000
TSLA  	2025	01	17	160	000	C P 	4573	5532	75000000
TSLA  	2025	01	17	165	000	C P 	262	945	75000000
TSLA  	2025	01	17	170	000	C P 	35372	10347	75000000
TSLA  	2025	01	17	175	000	C P 	33429	4522	75000000
TSLA  	2025	01	17	180	000	C P 	3674	8099	75000000
TSLA  	2025	01	17	185	000	C P 	7124	4534	75000000
TSLA  	2025	01	17	190	000	C P 	5626	4777	75000000
TSLA  	2025	01	17	195	000	C P 	3233	1746	75000000
TSLA  	2025	01	17	200	000	C P 	29440	15169	75000000
TSLA  	2025	01	17	210	000	C P 	5318	2762	75000000
TSLA  	2025	01	17	220	000	C P 	2978	4099	75000000
TSLA  	2025	01	17	230	000	C P 	4214	3305	75000000
TSLA  	2025	01	17	240	000	C P 	4751	4835	75000000
TSLA  	2025	01	17	250	000	C P 	11886	5223	75000000
TSLA  	2025	01	17	260	000	C P 	5617	1944	75000000
TSLA  	2025	01	17	270	000	C P 	3112	1337	75000000
TSLA  	2025	01	17	280	000	C P 	2253	3357	75000000
TSLA  	2025	01	17	290	000	C P 	3441	2808	75000000
TSLA  	2025	01	17	300	000	C P 	30543	3099	75000000
TSLA  	2025	01	17	310	000	C P 	4379	711	75000000
TSLA  	2025	01	17	320	000	C P 	2147	794	75000000
TSLA  	2025	01	17	330	000	C P 	2298	1019	75000000
TSLA  	2025	01	17	340	000	C P 	1404	464	75000000
TSLA  	2025	01	17	350	000	C P 	7178	925	75000000
TSLA  	2025	01	17	360	000	C P 	1943	294	75000000
TSLA  	2025	01	17	370	000	C P 	1808	325	75000000
TSLA  	2025	01	17	380	000	C P 	1377	212	75000000
TSLA  	2025	01	17	390	000	C P 	1722	96	75000000
TSLA  	2025	01	17	400	000	C P 	19779	407	75000000
TSLA  	2025	01	17	410	000	C P 	4434	70	75000000
TSLA  	2025	01	17	420	000	C P 	4187	34	75000000
TSLA  	2025	01	17	430	000	C P 	617	3	75000000
TSLA  	2025	01	17	440	000	C P 	1604	10	75000000
TSLA  	2025	01	17	450	000	C P 	5178	8	75000000
TSLA  	2025	01	17	460	000	C P 	1012	14	75000000
TSLA  	2025	01	17	470	000	C P 	1553	67	75000000
TSLA  	2025	01	17	480	000	C P 	1265	1	75000000
TSLA  	2025	01	17	490	000	C P 	798	0	75000000
TSLA  	2025	01	17	500	000	C P 	11621	20	75000000
TSLA  	2025	01	17	510	000	C P 	1596	256	75000000
TSLA  	2025	01	17	520	000	C P 	8347	2	75000000
TSLA  	2025	01	17	530	000	C P 	605	0	75000000
TSLA  	2025	01	17	540	000	C P 	647	0	75000000
TSLA  	2025	01	17	550	000	C P 	3131	1	75000000
TSLA  	2025	01	17	560	000	C P 	632	1	75000000
TSLA  	2025	01	17	570	000	C P 	678	0	75000000
TSLA  	2025	01	17	580	000	C P 	885	0	75000000
TSLA  	2025	01	17	590	000	C P 	759	0	75000000
TSLA  	2025	01	17	600	000	C P 	15836	0	75000000
TSLA  	2025	01	17	610	000	C P 	18065	0	75000000
TSLA  	2025	06	20	5	000	C P 	232	1729	75000000
TSLA  	2025	06	20	10	000	C P 	5	66	75000000
TSLA  	2025	06	20	15	000	C P 	8	5857	75000000
TSLA  	2025	06	20	20	000	C P 	59	438	75000000
TSLA  	2025	06	20	25	000	C P 	9	170	75000000
TSLA  	2025	06	20	30	000	C P 	86	386	75000000
TSLA  	2025	06	20	35	000	C P 	11	196	75000000
TSLA  	2025	06	20	40	000	C P 	10	421	75000000
TSLA  	2025	06	20	45	000	C P 	17	53	75000000
TSLA  	2025	06	20	50	000	C P 	162	752	75000000
TSLA  	2025	06	20	55	000	C P 	13	54	75000000
TSLA  	2025	06	20	60	000	C P 	15	398	75000000
TSLA  	2025	06	20	65	000	C P 	18	576	75000000
TSLA  	2025	06	20	70	000	C P 	179	130	75000000
TSLA  	2025	06	20	75	000	C P 	134	1299	75000000
TSLA  	2025	06	20	80	000	C P 	808	741	75000000
TSLA  	2025	06	20	85	000	C P 	351	235	75000000
TSLA  	2025	06	20	90	000	C P 	10317	543	75000000
TSLA  	2025	06	20	95	000	C P 	46517	561	75000000
TSLA  	2025	06	20	100	000	C P 	1035	4746	75000000
TSLA  	2025	06	20	105	000	C P 	165	495	75000000
TSLA  	2025	06	20	110	000	C P 	307	1606	75000000
TSLA  	2025	06	20	115	000	C P 	434	371	75000000
TSLA  	2025	06	20	120	000	C P 	555	1045	75000000
TSLA  	2025	06	20	125	000	C P 	482	379	75000000
TSLA  	2025	06	20	130	000	C P 	2601	1588	75000000
TSLA  	2025	06	20	135	000	C P 	4672	273	75000000
TSLA  	2025	06	20	140	000	C P 	961	1864	75000000
TSLA  	2025	06	20	145	000	C P 	406	491	75000000
TSLA  	2025	06	20	150	000	C P 	1423	1439	75000000
TSLA  	2025	06	20	155	000	C P 	404	206	75000000
TSLA  	2025	06	20	160	000	C P 	2169	850	75000000
TSLA  	2025	06	20	165	000	C P 	929	360	75000000
TSLA  	2025	06	20	170	000	C P 	2807	691	75000000
TSLA  	2025	06	20	175	000	C P 	818	1233	75000000
TSLA  	2025	06	20	180	000	C P 	667	459	75000000
TSLA  	2025	06	20	185	000	C P 	2556	202	75000000
TSLA  	2025	06	20	190	000	C P 	538	254	75000000
TSLA  	2025	06	20	195	000	C P 	327	280	75000000
TSLA  	2025	06	20	200	000	C P 	4551	3401	75000000
TSLA  	2025	06	20	205	000	C P 	345	230	75000000
TSLA  	2025	06	20	210	000	C P 	501	212	75000000
TSLA  	2025	06	20	215	000	C P 	250	93	75000000
TSLA  	2025	06	20	220	000	C P 	744	130	75000000
TSLA  	2025	06	20	225	000	C P 	652	190	75000000
TSLA  	2025	06	20	230	000	C P 	509	94	75000000
TSLA  	2025	06	20	235	000	C P 	368	265	75000000
TSLA  	2025	06	20	240	000	C P 	4242	1406	75000000
TSLA  	2025	06	20	250	000	C P 	2512	546	75000000
TSLA  	2025	06	20	260	000	C P 	1067	1351	75000000
TSLA  	2025	06	20	270	000	C P 	654	104	75000000
TSLA  	2025	06	20	280	000	C P 	321	249	75000000
TSLA  	2025	06	20	290	000	C P 	272	390	75000000
TSLA  	2025	06	20	300	000	C P 	2999	676	75000000
TSLA  	2025	06	20	310	000	C P 	323	210	75000000
TSLA  	2025	06	20	320	000	C P 	994	192	75000000
TSLA  	2025	06	20	330	000	C P 	304	290	75000000
TSLA  	2025	06	20	340	000	C P 	473	460	75000000
TSLA  	2025	06	20	350	000	C P 	2690	332	75000000
TSLA  	2025	06	20	360	000	C P 	679	389	75000000
TSLA  	2025	06	20	370	000	C P 	170	434	75000000
TSLA  	2025	06	20	380	000	C P 	118	82	75000000
TSLA  	2025	06	20	390	000	C P 	2579	130	75000000
TSLA  	2025	06	20	400	000	C P 	31	53	75000000
TSLA  	2025	06	20	410	000	C P 	172	104	75000000
