ProductSymbol	Year	Month	Day	Integer	Dec	C/P	Call	Put	PositionLimit	
ROKU  	2023	02	10	25	000	C P 	0	360	25000000
ROKU  	2023	02	10	29	000	C P 	1	28	25000000
ROKU  	2023	02	10	30	000	C P 	1	603	25000000
ROKU  	2023	02	10	31	000	C P 	1	79	25000000
ROKU  	2023	02	10	32	000	C P 	0	1219	25000000
ROKU  	2023	02	10	33	000	C P 	1	762	25000000
ROKU  	2023	02	10	34	000	C P 	7	54	25000000
ROKU  	2023	02	10	35	000	C P 	4	118	25000000
ROKU  	2023	02	10	36	000	C P 	1	56	25000000
ROKU  	2023	02	10	37	000	C P 	1	176	25000000
ROKU  	2023	02	10	38	000	C P 	1	554	25000000
ROKU  	2023	02	10	38	500	C P 	2	240	25000000
ROKU  	2023	02	10	39	000	C P 	0	284	25000000
ROKU  	2023	02	10	39	500	C P 	12	0	25000000
ROKU  	2023	02	10	40	000	C P 	2018	2189	25000000
ROKU  	2023	02	10	40	500	C P 	6	3	25000000
ROKU  	2023	02	10	41	000	C P 	19	145	25000000
ROKU  	2023	02	10	41	500	C P 	0	8	25000000
ROKU  	2023	02	10	42	000	C P 	12	309	25000000
ROKU  	2023	02	10	42	500	C P 	1	9	25000000
ROKU  	2023	02	10	43	000	C P 	44	156	25000000
ROKU  	2023	02	10	43	500	C P 	4	12	25000000
ROKU  	2023	02	10	44	000	C P 	106	917	25000000
ROKU  	2023	02	10	44	500	C P 	23	1	25000000
ROKU  	2023	02	10	45	000	C P 	104	430	25000000
ROKU  	2023	02	10	45	500	C P 	18	45	25000000
ROKU  	2023	02	10	46	000	C P 	496	249	25000000
ROKU  	2023	02	10	46	500	C P 	16	547	25000000
ROKU  	2023	02	10	47	000	C P 	82	1018	25000000
ROKU  	2023	02	10	47	500	C P 	18	577	25000000
ROKU  	2023	02	10	48	000	C P 	103	530	25000000
ROKU  	2023	02	10	48	500	C P 	15	231	25000000
ROKU  	2023	02	10	49	000	C P 	108	200	25000000
ROKU  	2023	02	10	49	500	C P 	57	94	25000000
ROKU  	2023	02	10	50	000	C P 	204	659	25000000
ROKU  	2023	02	10	51	000	C P 	168	1388	25000000
ROKU  	2023	02	10	52	000	C P 	428	454	25000000
ROKU  	2023	02	10	53	000	C P 	376	678	25000000
ROKU  	2023	02	10	54	000	C P 	475	911	25000000
ROKU  	2023	02	10	55	000	C P 	465	747	25000000
ROKU  	2023	02	10	56	000	C P 	301	1482	25000000
ROKU  	2023	02	10	57	000	C P 	842	989	25000000
ROKU  	2023	02	10	58	000	C P 	665	1081	25000000
ROKU  	2023	02	10	59	000	C P 	651	1379	25000000
ROKU  	2023	02	10	60	000	C P 	1527	895	25000000
ROKU  	2023	02	10	61	000	C P 	1235	600	25000000
ROKU  	2023	02	10	62	000	C P 	1092	408	25000000
ROKU  	2023	02	10	63	000	C P 	1489	718	25000000
ROKU  	2023	02	10	64	000	C P 	850	514	25000000
ROKU  	2023	02	10	65	000	C P 	4133	373	25000000
ROKU  	2023	02	10	66	000	C P 	2308	821	25000000
ROKU  	2023	02	10	67	000	C P 	1046	134	25000000
ROKU  	2023	02	10	68	000	C P 	584	164	25000000
ROKU  	2023	02	10	69	000	C P 	855	33	25000000
ROKU  	2023	02	10	70	000	C P 	2425	88	25000000
ROKU  	2023	02	10	71	000	C P 	548	37	25000000
ROKU  	2023	02	10	72	000	C P 	3567	12	25000000
ROKU  	2023	02	10	73	000	C P 	296	9	25000000
ROKU  	2023	02	10	74	000	C P 	86	0	25000000
ROKU  	2023	02	10	75	000	C P 	1336	5	25000000
ROKU  	2023	02	10	76	000	C P 	134	3	25000000
ROKU  	2023	02	10	77	000	C P 	70	0	25000000
ROKU  	2023	02	10	78	000	C P 	225	0	25000000
ROKU  	2023	02	10	79	000	C P 	110	1	25000000
ROKU  	2023	02	10	80	000	C P 	647	0	25000000
ROKU  	2023	02	10	81	000	C P 	36	0	25000000
ROKU  	2023	02	10	82	000	C P 	42	0	25000000
ROKU  	2023	02	10	83	000	C P 	47	0	25000000
ROKU  	2023	02	10	84	000	C P 	174	0	25000000
ROKU  	2023	02	10	85	000	C P 	90	0	25000000
ROKU  	2023	02	10	86	000	C P 	242	0	25000000
ROKU  	2023	02	10	87	000	C P 	109	0	25000000
ROKU  	2023	02	10	90	000	C P 	22	0	25000000
ROKU  	2023	02	10	95	000	C P 	23	0	25000000
ROKU  	2023	02	10	100	000	C P 	0	0	25000000
ROKU  	2023	02	17	20	000	C P 	1	365	25000000
ROKU  	2023	02	17	22	500	C P 	20	428	25000000
ROKU  	2023	02	17	25	000	C P 	17	2715	25000000
ROKU  	2023	02	17	30	000	C P 	94	5211	25000000
ROKU  	2023	02	17	35	000	C P 	75	5664	25000000
ROKU  	2023	02	17	40	000	C P 	757	3053	25000000
ROKU  	2023	02	17	42	000	C P 	17	313	25000000
ROKU  	2023	02	17	43	000	C P 	5	165	25000000
ROKU  	2023	02	17	44	000	C P 	12	175	25000000
ROKU  	2023	02	17	45	000	C P 	1293	4333	25000000
ROKU  	2023	02	17	45	500	C P 	41	182	25000000
ROKU  	2023	02	17	46	000	C P 	58	110	25000000
ROKU  	2023	02	17	46	500	C P 	32	149	25000000
ROKU  	2023	02	17	47	000	C P 	72	674	25000000
ROKU  	2023	02	17	47	500	C P 	41	527	25000000
ROKU  	2023	02	17	48	000	C P 	28	981	25000000
ROKU  	2023	02	17	48	500	C P 	16	196	25000000
ROKU  	2023	02	17	49	000	C P 	162	452	25000000
ROKU  	2023	02	17	49	500	C P 	147	361	25000000
ROKU  	2023	02	17	50	000	C P 	2194	3571	25000000
ROKU  	2023	02	17	51	000	C P 	256	365	25000000
ROKU  	2023	02	17	52	000	C P 	99	936	25000000
ROKU  	2023	02	17	53	000	C P 	121	395	25000000
ROKU  	2023	02	17	54	000	C P 	302	726	25000000
ROKU  	2023	02	17	55	000	C P 	2489	1940	25000000
ROKU  	2023	02	17	56	000	C P 	349	424	25000000
ROKU  	2023	02	17	57	000	C P 	757	202	25000000
ROKU  	2023	02	17	58	000	C P 	365	438	25000000
ROKU  	2023	02	17	59	000	C P 	521	228	25000000
ROKU  	2023	02	17	60	000	C P 	2831	1103	25000000
ROKU  	2023	02	17	61	000	C P 	430	196	25000000
ROKU  	2023	02	17	62	000	C P 	315	201	25000000
ROKU  	2023	02	17	63	000	C P 	541	144	25000000
ROKU  	2023	02	17	64	000	C P 	168	276	25000000
ROKU  	2023	02	17	65	000	C P 	4960	1103	25000000
ROKU  	2023	02	17	66	000	C P 	449	175	25000000
ROKU  	2023	02	17	67	000	C P 	857	522	25000000
ROKU  	2023	02	17	68	000	C P 	324	275	25000000
ROKU  	2023	02	17	69	000	C P 	285	227	25000000
ROKU  	2023	02	17	70	000	C P 	1739	263	25000000
ROKU  	2023	02	17	71	000	C P 	165	73	25000000
ROKU  	2023	02	17	72	000	C P 	152	59	25000000
ROKU  	2023	02	17	73	000	C P 	125	74	25000000
ROKU  	2023	02	17	74	000	C P 	515	102	25000000
ROKU  	2023	02	17	75	000	C P 	1597	163	25000000
ROKU  	2023	02	17	76	000	C P 	222	17	25000000
ROKU  	2023	02	17	77	000	C P 	151	46	25000000
ROKU  	2023	02	17	78	000	C P 	177	37	25000000
ROKU  	2023	02	17	79	000	C P 	83	26	25000000
ROKU  	2023	02	17	80	000	C P 	735	19	25000000
ROKU  	2023	02	17	81	000	C P 	123	37	25000000
ROKU  	2023	02	17	82	000	C P 	67	27	25000000
ROKU  	2023	02	17	83	000	C P 	100	19	25000000
ROKU  	2023	02	17	84	000	C P 	69	9	25000000
ROKU  	2023	02	17	85	000	C P 	3516	61	25000000
ROKU  	2023	02	17	86	000	C P 	21	21	25000000
ROKU  	2023	02	17	87	000	C P 	187	34	25000000
ROKU  	2023	02	17	90	000	C P 	3279	23	25000000
ROKU  	2023	02	17	95	000	C P 	78	4	25000000
ROKU  	2023	02	17	100	000	C P 	498	0	25000000
ROKU  	2023	02	24	25	000	C P 	4	2503	25000000
ROKU  	2023	02	24	30	000	C P 	1	178	25000000
ROKU  	2023	02	24	32	000	C P 	0	79	25000000
ROKU  	2023	02	24	33	000	C P 	0	32	25000000
ROKU  	2023	02	24	34	000	C P 	10	246	25000000
ROKU  	2023	02	24	35	000	C P 	5	480	25000000
ROKU  	2023	02	24	36	000	C P 	1	199	25000000
ROKU  	2023	02	24	37	000	C P 	0	63	25000000
ROKU  	2023	02	24	38	000	C P 	0	100	25000000
ROKU  	2023	02	24	39	000	C P 	0	186	25000000
ROKU  	2023	02	24	40	000	C P 	20	265	25000000
ROKU  	2023	02	24	41	000	C P 	18	85	25000000
ROKU  	2023	02	24	42	000	C P 	154	56	25000000
ROKU  	2023	02	24	43	000	C P 	11	119	25000000
ROKU  	2023	02	24	44	000	C P 	40	119	25000000
ROKU  	2023	02	24	45	000	C P 	100	192	25000000
ROKU  	2023	02	24	46	000	C P 	71	79	25000000
ROKU  	2023	02	24	47	000	C P 	27	50	25000000
ROKU  	2023	02	24	48	000	C P 	447	72	25000000
ROKU  	2023	02	24	49	000	C P 	22	70	25000000
ROKU  	2023	02	24	50	000	C P 	126	220	25000000
ROKU  	2023	02	24	51	000	C P 	193	133	25000000
ROKU  	2023	02	24	52	000	C P 	416	166	25000000
ROKU  	2023	02	24	53	000	C P 	123	65	25000000
ROKU  	2023	02	24	54	000	C P 	87	119	25000000
ROKU  	2023	02	24	55	000	C P 	278	207	25000000
ROKU  	2023	02	24	56	000	C P 	71	87	25000000
ROKU  	2023	02	24	57	000	C P 	55	45	25000000
ROKU  	2023	02	24	58	000	C P 	100	54	25000000
ROKU  	2023	02	24	59	000	C P 	23	91	25000000
ROKU  	2023	02	24	60	000	C P 	767	100	25000000
ROKU  	2023	02	24	61	000	C P 	65	49	25000000
ROKU  	2023	02	24	62	000	C P 	168	60	25000000
ROKU  	2023	02	24	63	000	C P 	40	66	25000000
ROKU  	2023	02	24	64	000	C P 	214	116	25000000
ROKU  	2023	02	24	65	000	C P 	359	152	25000000
ROKU  	2023	02	24	66	000	C P 	120	62	25000000
ROKU  	2023	02	24	67	000	C P 	95	69	25000000
ROKU  	2023	02	24	68	000	C P 	80	60	25000000
ROKU  	2023	02	24	69	000	C P 	63	19	25000000
ROKU  	2023	02	24	70	000	C P 	503	14	25000000
ROKU  	2023	02	24	71	000	C P 	42	19	25000000
ROKU  	2023	02	24	72	000	C P 	39	5	25000000
ROKU  	2023	02	24	73	000	C P 	76	11	25000000
ROKU  	2023	02	24	74	000	C P 	31	11	25000000
ROKU  	2023	02	24	75	000	C P 	155	4	25000000
ROKU  	2023	02	24	76	000	C P 	35	15	25000000
ROKU  	2023	02	24	77	000	C P 	52	5	25000000
ROKU  	2023	02	24	78	000	C P 	24	5	25000000
ROKU  	2023	02	24	79	000	C P 	53	2	25000000
ROKU  	2023	02	24	80	000	C P 	89	5	25000000
ROKU  	2023	02	24	81	000	C P 	66	0	25000000
ROKU  	2023	02	24	82	000	C P 	21	22	25000000
ROKU  	2023	02	24	83	000	C P 	16	0	25000000
ROKU  	2023	02	24	84	000	C P 	9	1	25000000
ROKU  	2023	02	24	85	000	C P 	73	4	25000000
ROKU  	2023	02	24	86	000	C P 	91	1	25000000
ROKU  	2023	02	24	87	000	C P 	174	0	25000000
ROKU  	2023	02	24	90	000	C P 	140	6	25000000
ROKU  	2023	02	24	95	000	C P 	91	4	25000000
ROKU  	2023	02	24	100	000	C P 	101	0	25000000
ROKU  	2023	03	03	25	000	C P 	0	743	25000000
ROKU  	2023	03	03	30	000	C P 	0	113	25000000
ROKU  	2023	03	03	35	000	C P 	0	181	25000000
ROKU  	2023	03	03	38	000	C P 	1	256	25000000
ROKU  	2023	03	03	39	000	C P 	0	36	25000000
ROKU  	2023	03	03	40	000	C P 	3	112	25000000
ROKU  	2023	03	03	41	000	C P 	0	17	25000000
ROKU  	2023	03	03	42	000	C P 	0	10	25000000
ROKU  	2023	03	03	43	000	C P 	0	77	25000000
ROKU  	2023	03	03	44	000	C P 	0	74	25000000
ROKU  	2023	03	03	45	000	C P 	2	215	25000000
ROKU  	2023	03	03	46	000	C P 	2	94	25000000
ROKU  	2023	03	03	47	000	C P 	17	124	25000000
ROKU  	2023	03	03	48	000	C P 	31	76	25000000
ROKU  	2023	03	03	49	000	C P 	28	62	25000000
ROKU  	2023	03	03	50	000	C P 	36	84	25000000
ROKU  	2023	03	03	51	000	C P 	25	54	25000000
ROKU  	2023	03	03	52	000	C P 	52	37	25000000
ROKU  	2023	03	03	53	000	C P 	22	27	25000000
ROKU  	2023	03	03	54	000	C P 	39	115	25000000
ROKU  	2023	03	03	55	000	C P 	67	89	25000000
ROKU  	2023	03	03	56	000	C P 	70	63	25000000
ROKU  	2023	03	03	57	000	C P 	51	125	25000000
ROKU  	2023	03	03	58	000	C P 	65	16	25000000
ROKU  	2023	03	03	59	000	C P 	20	8	25000000
ROKU  	2023	03	03	60	000	C P 	63	48	25000000
ROKU  	2023	03	03	61	000	C P 	64	12	25000000
ROKU  	2023	03	03	62	000	C P 	62	31	25000000
ROKU  	2023	03	03	63	000	C P 	45	11	25000000
ROKU  	2023	03	03	64	000	C P 	53	55	25000000
ROKU  	2023	03	03	65	000	C P 	278	48	25000000
ROKU  	2023	03	03	66	000	C P 	71	4	25000000
ROKU  	2023	03	03	67	000	C P 	39	3	25000000
ROKU  	2023	03	03	68	000	C P 	25	2	25000000
ROKU  	2023	03	03	69	000	C P 	11	4	25000000
ROKU  	2023	03	03	70	000	C P 	145	20	25000000
ROKU  	2023	03	03	71	000	C P 	1	4	25000000
ROKU  	2023	03	03	72	000	C P 	5	6	25000000
ROKU  	2023	03	03	73	000	C P 	2	3	25000000
ROKU  	2023	03	03	74	000	C P 	9	0	25000000
ROKU  	2023	03	03	75	000	C P 	58	17	25000000
ROKU  	2023	03	03	76	000	C P 	2	1	25000000
ROKU  	2023	03	03	77	000	C P 	15	4	25000000
ROKU  	2023	03	03	78	000	C P 	11	0	25000000
ROKU  	2023	03	03	80	000	C P 	32	0	25000000
ROKU  	2023	03	03	85	000	C P 	77	5	25000000
ROKU  	2023	03	03	90	000	C P 	61	0	25000000
ROKU  	2023	03	03	95	000	C P 	56	0	25000000
ROKU  	2023	03	03	100	000	C P 	232	0	25000000
ROKU  	2023	03	10	30	000	C P 	0	4	25000000
ROKU  	2023	03	10	35	000	C P 	0	6	25000000
ROKU  	2023	03	10	40	000	C P 	3	12	25000000
ROKU  	2023	03	10	41	000	C P 	0	18	25000000
ROKU  	2023	03	10	42	000	C P 	3	37	25000000
ROKU  	2023	03	10	43	000	C P 	1	17	25000000
ROKU  	2023	03	10	44	000	C P 	0	308	25000000
ROKU  	2023	03	10	45	000	C P 	2	113	25000000
ROKU  	2023	03	10	46	000	C P 	0	290	25000000
ROKU  	2023	03	10	47	000	C P 	1	73	25000000
ROKU  	2023	03	10	48	000	C P 	0	31	25000000
ROKU  	2023	03	10	49	000	C P 	0	18	25000000
ROKU  	2023	03	10	50	000	C P 	10	63	25000000
ROKU  	2023	03	10	51	000	C P 	4	8	25000000
ROKU  	2023	03	10	52	000	C P 	24	85	25000000
ROKU  	2023	03	10	53	000	C P 	17	18	25000000
ROKU  	2023	03	10	54	000	C P 	74	12	25000000
ROKU  	2023	03	10	55	000	C P 	45	28	25000000
ROKU  	2023	03	10	56	000	C P 	39	19	25000000
ROKU  	2023	03	10	57	000	C P 	34	18	25000000
ROKU  	2023	03	10	58	000	C P 	51	7	25000000
ROKU  	2023	03	10	59	000	C P 	11	24	25000000
ROKU  	2023	03	10	60	000	C P 	40	38	25000000
ROKU  	2023	03	10	61	000	C P 	14	21	25000000
ROKU  	2023	03	10	62	000	C P 	30	40	25000000
ROKU  	2023	03	10	63	000	C P 	81	28	25000000
ROKU  	2023	03	10	64	000	C P 	26	40	25000000
ROKU  	2023	03	10	65	000	C P 	73	45	25000000
ROKU  	2023	03	10	66	000	C P 	9	2	25000000
ROKU  	2023	03	10	67	000	C P 	18	1	25000000
ROKU  	2023	03	10	68	000	C P 	23	3	25000000
ROKU  	2023	03	10	69	000	C P 	25	1	25000000
ROKU  	2023	03	10	70	000	C P 	143	26	25000000
ROKU  	2023	03	10	71	000	C P 	2	0	25000000
ROKU  	2023	03	10	72	000	C P 	3	1	25000000
ROKU  	2023	03	10	73	000	C P 	8	0	25000000
ROKU  	2023	03	10	74	000	C P 	1	0	25000000
ROKU  	2023	03	10	75	000	C P 	41	0	25000000
ROKU  	2023	03	10	76	000	C P 	3	0	25000000
ROKU  	2023	03	10	77	000	C P 	2	0	25000000
ROKU  	2023	03	10	78	000	C P 	2	0	25000000
ROKU  	2023	03	10	80	000	C P 	36	0	25000000
ROKU  	2023	03	10	85	000	C P 	27	0	25000000
ROKU  	2023	03	10	90	000	C P 	2	0	25000000
ROKU  	2023	03	10	95	000	C P 	0	0	25000000
ROKU  	2023	03	10	100	000	C P 	2	0	25000000
ROKU  	2023	03	17	20	000	C P 	8	218	25000000
ROKU  	2023	03	17	22	500	C P 	22	519	25000000
ROKU  	2023	03	17	25	000	C P 	20	2670	25000000
ROKU  	2023	03	17	30	000	C P 	12	7630	25000000
ROKU  	2023	03	17	35	000	C P 	192	8011	25000000
ROKU  	2023	03	17	40	000	C P 	314	2966	25000000
ROKU  	2023	03	17	45	000	C P 	463	3064	25000000
ROKU  	2023	03	17	50	000	C P 	1183	2890	25000000
ROKU  	2023	03	17	55	000	C P 	1881	1247	25000000
ROKU  	2023	03	17	60	000	C P 	1526	1514	25000000
ROKU  	2023	03	17	65	000	C P 	2275	435	25000000
ROKU  	2023	03	17	70	000	C P 	1567	345	25000000
ROKU  	2023	03	17	75	000	C P 	1325	130	25000000
ROKU  	2023	03	17	80	000	C P 	840	6	25000000
ROKU  	2023	03	17	85	000	C P 	2280	5	25000000
ROKU  	2023	03	17	90	000	C P 	1095	8	25000000
ROKU  	2023	03	17	95	000	C P 	800	3	25000000
ROKU  	2023	03	17	100	000	C P 	2796	0	25000000
ROKU  	2023	03	17	105	000	C P 	1040	1	25000000
ROKU  	2023	03	17	110	000	C P 	2032	2	25000000
ROKU  	2023	03	24	35	000	C P 	0	2	25000000
ROKU  	2023	03	24	40	000	C P 	0	121	25000000
ROKU  	2023	03	24	45	000	C P 	5	36	25000000
ROKU  	2023	03	24	46	000	C P 	6	12	25000000
ROKU  	2023	03	24	47	000	C P 	0	33	25000000
ROKU  	2023	03	24	48	000	C P 	0	9	25000000
ROKU  	2023	03	24	49	000	C P 	0	4	25000000
ROKU  	2023	03	24	50	000	C P 	10	45	25000000
ROKU  	2023	03	24	51	000	C P 	10	4	25000000
ROKU  	2023	03	24	52	000	C P 	5	6	25000000
ROKU  	2023	03	24	53	000	C P 	1	5	25000000
ROKU  	2023	03	24	54	000	C P 	0	6	25000000
ROKU  	2023	03	24	55	000	C P 	31	45	25000000
ROKU  	2023	03	24	56	000	C P 	2	6	25000000
ROKU  	2023	03	24	57	000	C P 	3	4	25000000
ROKU  	2023	03	24	58	000	C P 	0	2	25000000
ROKU  	2023	03	24	59	000	C P 	3	20	25000000
ROKU  	2023	03	24	60	000	C P 	45	19	25000000
ROKU  	2023	03	24	61	000	C P 	16	4	25000000
ROKU  	2023	03	24	62	000	C P 	7	26	25000000
ROKU  	2023	03	24	63	000	C P 	11	1	25000000
ROKU  	2023	03	24	64	000	C P 	24	0	25000000
ROKU  	2023	03	24	65	000	C P 	30	5	25000000
ROKU  	2023	03	24	66	000	C P 	10	1	25000000
ROKU  	2023	03	24	67	000	C P 	4	2	25000000
ROKU  	2023	03	24	68	000	C P 	13	0	25000000
ROKU  	2023	03	24	69	000	C P 	19	0	25000000
ROKU  	2023	03	24	70	000	C P 	10	2	25000000
ROKU  	2023	03	24	71	000	C P 	3	0	25000000
ROKU  	2023	03	24	72	000	C P 	17	0	25000000
ROKU  	2023	03	24	73	000	C P 	11	0	25000000
ROKU  	2023	03	24	74	000	C P 	7	0	25000000
ROKU  	2023	03	24	75	000	C P 	9	0	25000000
ROKU  	2023	03	24	76	000	C P 	5	0	25000000
ROKU  	2023	03	24	77	000	C P 	1	0	25000000
ROKU  	2023	03	24	78	000	C P 	1	0	25000000
ROKU  	2023	03	24	80	000	C P 	2	0	25000000
ROKU  	2023	03	24	85	000	C P 	6	0	25000000
ROKU  	2023	03	24	90	000	C P 	1	0	25000000
ROKU  	2023	03	24	95	000	C P 	42	0	25000000
ROKU  	2023	03	24	100	000	C P 	13	0	25000000
ROKU  	2023	04	21	20	000	C P 	0	126	25000000
ROKU  	2023	04	21	22	500	C P 	2	388	25000000
ROKU  	2023	04	21	25	000	C P 	18	1136	25000000
ROKU  	2023	04	21	30	000	C P 	18	2434	25000000
ROKU  	2023	04	21	35	000	C P 	28	699	25000000
ROKU  	2023	04	21	40	000	C P 	150	1247	25000000
ROKU  	2023	04	21	45	000	C P 	366	1442	25000000
ROKU  	2023	04	21	50	000	C P 	487	2029	25000000
ROKU  	2023	04	21	55	000	C P 	463	1091	25000000
ROKU  	2023	04	21	60	000	C P 	1317	673	25000000
ROKU  	2023	04	21	65	000	C P 	1096	636	25000000
ROKU  	2023	04	21	70	000	C P 	1092	343	25000000
ROKU  	2023	04	21	75	000	C P 	1000	615	25000000
ROKU  	2023	04	21	80	000	C P 	787	36	25000000
ROKU  	2023	04	21	85	000	C P 	602	9	25000000
ROKU  	2023	04	21	90	000	C P 	242	15	25000000
ROKU  	2023	04	21	95	000	C P 	226	2	25000000
ROKU  	2023	04	21	100	000	C P 	1460	1	25000000
ROKU  	2023	04	21	105	000	C P 	267	0	25000000
ROKU  	2023	04	21	110	000	C P 	260	0	25000000
ROKU  	2023	04	21	115	000	C P 	316	0	25000000
ROKU  	2023	04	21	120	000	C P 	392	0	25000000
ROKU  	2023	04	21	125	000	C P 	486	0	25000000
ROKU  	2023	06	16	20	000	C P 	26	256	25000000
ROKU  	2023	06	16	22	500	C P 	1	2155	25000000
ROKU  	2023	06	16	25	000	C P 	1	1691	25000000
ROKU  	2023	06	16	30	000	C P 	12	3251	25000000
ROKU  	2023	06	16	35	000	C P 	110	2149	25000000
ROKU  	2023	06	16	40	000	C P 	213	3648	25000000
ROKU  	2023	06	16	45	000	C P 	435	8407	25000000
ROKU  	2023	06	16	50	000	C P 	605	9234	25000000
ROKU  	2023	06	16	55	000	C P 	1675	1908	25000000
ROKU  	2023	06	16	60	000	C P 	2298	879	25000000
ROKU  	2023	06	16	65	000	C P 	1173	733	25000000
ROKU  	2023	06	16	70	000	C P 	1695	660	25000000
ROKU  	2023	06	16	75	000	C P 	829	1006	25000000
ROKU  	2023	06	16	80	000	C P 	1346	457	25000000
ROKU  	2023	06	16	85	000	C P 	739	1194	25000000
ROKU  	2023	06	16	90	000	C P 	1312	185	25000000
ROKU  	2023	06	16	95	000	C P 	536	38	25000000
ROKU  	2023	06	16	100	000	C P 	1502	19	25000000
ROKU  	2023	06	16	105	000	C P 	545	66	25000000
ROKU  	2023	06	16	110	000	C P 	1226	22	25000000
ROKU  	2023	06	16	115	000	C P 	726	4	25000000
ROKU  	2023	06	16	120	000	C P 	930	0	25000000
ROKU  	2023	06	16	125	000	C P 	1001	1	25000000
ROKU  	2023	06	16	130	000	C P 	636	0	25000000
ROKU  	2023	06	16	135	000	C P 	824	0	25000000
ROKU  	2023	06	16	140	000	C P 	1608	0	25000000
ROKU  	2023	07	21	20	000	C P 	6	139	25000000
ROKU  	2023	07	21	22	500	C P 	0	124	25000000
ROKU  	2023	07	21	25	000	C P 	1	202	25000000
ROKU  	2023	07	21	30	000	C P 	249	1649	25000000
ROKU  	2023	07	21	35	000	C P 	15	1598	25000000
ROKU  	2023	07	21	40	000	C P 	132	1666	25000000
ROKU  	2023	07	21	45	000	C P 	93	791	25000000
ROKU  	2023	07	21	50	000	C P 	337	654	25000000
ROKU  	2023	07	21	55	000	C P 	157	1332	25000000
ROKU  	2023	07	21	60	000	C P 	150	536	25000000
ROKU  	2023	07	21	65	000	C P 	526	366	25000000
ROKU  	2023	07	21	70	000	C P 	506	71	25000000
ROKU  	2023	07	21	75	000	C P 	411	420	25000000
ROKU  	2023	07	21	80	000	C P 	785	799	25000000
ROKU  	2023	07	21	85	000	C P 	1314	385	25000000
ROKU  	2023	07	21	90	000	C P 	295	97	25000000
ROKU  	2023	07	21	95	000	C P 	180	10	25000000
ROKU  	2023	07	21	100	000	C P 	98	69	25000000
ROKU  	2023	09	15	20	000	C P 	3	6	25000000
ROKU  	2023	09	15	22	500	C P 	0	70	25000000
ROKU  	2023	09	15	25	000	C P 	0	297	25000000
ROKU  	2023	09	15	30	000	C P 	15	79	25000000
ROKU  	2023	09	15	35	000	C P 	35	584	25000000
ROKU  	2023	09	15	40	000	C P 	1808	1285	25000000
ROKU  	2023	09	15	45	000	C P 	18	1011	25000000
ROKU  	2023	09	15	50	000	C P 	25	618	25000000
ROKU  	2023	09	15	55	000	C P 	234	195	25000000
ROKU  	2023	09	15	60	000	C P 	3896	156	25000000
ROKU  	2023	09	15	65	000	C P 	883	255	25000000
ROKU  	2023	09	15	70	000	C P 	136	68	25000000
ROKU  	2023	09	15	75	000	C P 	221	62	25000000
ROKU  	2023	09	15	80	000	C P 	397	7	25000000
ROKU  	2023	09	15	85	000	C P 	69	27	25000000
ROKU  	2023	09	15	90	000	C P 	440	10	25000000
ROKU  	2023	09	15	95	000	C P 	28	0	25000000
ROKU  	2023	09	15	100	000	C P 	79	70	25000000
ROKU  	2024	01	19	20	000	C P 	12	84	25000000
ROKU  	2024	01	19	22	500	C P 	1	97	25000000
ROKU  	2024	01	19	25	000	C P 	27	905	25000000
ROKU  	2024	01	19	30	000	C P 	110	2049	25000000
ROKU  	2024	01	19	35	000	C P 	119	1141	25000000
ROKU  	2024	01	19	40	000	C P 	833	1625	25000000
ROKU  	2024	01	19	45	000	C P 	387	2210	25000000
ROKU  	2024	01	19	50	000	C P 	322	615	25000000
ROKU  	2024	01	19	55	000	C P 	201	234	25000000
ROKU  	2024	01	19	60	000	C P 	640	2145	25000000
ROKU  	2024	01	19	65	000	C P 	566	940	25000000
ROKU  	2024	01	19	70	000	C P 	606	277	25000000
ROKU  	2024	01	19	75	000	C P 	289	565	25000000
ROKU  	2024	01	19	80	000	C P 	387	1007	25000000
ROKU  	2024	01	19	85	000	C P 	509	683	25000000
ROKU  	2024	01	19	90	000	C P 	2056	786	25000000
ROKU  	2024	01	19	95	000	C P 	781	341	25000000
ROKU  	2024	01	19	100	000	C P 	1177	347	25000000
ROKU  	2024	01	19	105	000	C P 	262	364	25000000
ROKU  	2024	01	19	110	000	C P 	620	65	25000000
ROKU  	2024	01	19	115	000	C P 	762	285	25000000
ROKU  	2024	01	19	120	000	C P 	2129	7	25000000
ROKU  	2024	01	19	125	000	C P 	287	6	25000000
ROKU  	2024	01	19	130	000	C P 	595	56	25000000
ROKU  	2024	01	19	135	000	C P 	223	6	25000000
ROKU  	2024	01	19	140	000	C P 	385	1	25000000
ROKU  	2024	01	19	145	000	C P 	321	0	25000000
ROKU  	2024	01	19	150	000	C P 	1645	14	25000000
ROKU  	2024	01	19	155	000	C P 	395	2	25000000
ROKU  	2024	01	19	160	000	C P 	265	8	25000000
ROKU  	2024	01	19	165	000	C P 	124	0	25000000
ROKU  	2024	01	19	170	000	C P 	393	0	25000000
ROKU  	2024	01	19	175	000	C P 	372	0	25000000
ROKU  	2024	01	19	180	000	C P 	501	1	25000000
ROKU  	2024	01	19	185	000	C P 	198	8	25000000
ROKU  	2024	01	19	190	000	C P 	1427	5	25000000
ROKU  	2024	01	19	195	000	C P 	188	2	25000000
ROKU  	2024	01	19	200	000	C P 	1656	0	25000000
ROKU  	2024	01	19	205	000	C P 	135	0	25000000
ROKU  	2024	01	19	210	000	C P 	501	0	25000000
ROKU  	2024	01	19	220	000	C P 	846	0	25000000
ROKU  	2024	01	19	230	000	C P 	230	0	25000000
ROKU  	2024	01	19	240	000	C P 	156	0	25000000
ROKU  	2024	01	19	250	000	C P 	648	0	25000000
ROKU  	2024	01	19	260	000	C P 	190	0	25000000
ROKU  	2024	01	19	270	000	C P 	123	0	25000000
ROKU  	2024	01	19	280	000	C P 	159	0	25000000
ROKU  	2024	01	19	290	000	C P 	320	0	25000000
ROKU  	2024	01	19	300	000	C P 	2207	0	25000000
ROKU  	2024	01	19	310	000	C P 	352	0	25000000
ROKU  	2024	01	19	320	000	C P 	335	0	25000000
ROKU  	2024	01	19	330	000	C P 	281	0	25000000
ROKU  	2024	01	19	340	000	C P 	180	0	25000000
ROKU  	2024	01	19	350	000	C P 	219	0	25000000
ROKU  	2024	01	19	360	000	C P 	538	0	25000000
ROKU  	2024	01	19	370	000	C P 	107	0	25000000
ROKU  	2024	01	19	380	000	C P 	143	0	25000000
ROKU  	2024	01	19	390	000	C P 	428	0	25000000
ROKU  	2024	01	19	400	000	C P 	1015	0	25000000
ROKU  	2024	01	19	410	000	C P 	124	0	25000000
ROKU  	2024	01	19	420	000	C P 	283	0	25000000
ROKU  	2024	01	19	430	000	C P 	457	0	25000000
ROKU  	2024	01	19	440	000	C P 	142	0	25000000
ROKU  	2024	01	19	450	000	C P 	294	0	25000000
ROKU  	2024	01	19	460	000	C P 	31	0	25000000
ROKU  	2024	01	19	470	000	C P 	179	0	25000000
ROKU  	2024	01	19	480	000	C P 	45	0	25000000
ROKU  	2024	01	19	490	000	C P 	29	0	25000000
ROKU  	2024	01	19	500	000	C P 	367	0	25000000
ROKU  	2024	01	19	510	000	C P 	143	0	25000000
ROKU  	2024	01	19	520	000	C P 	2790	0	25000000
ROKU  	2024	06	21	20	000	C P 	0	15	25000000
ROKU  	2024	06	21	22	500	C P 	1	4	25000000
ROKU  	2024	06	21	25	000	C P 	1	2	25000000
ROKU  	2024	06	21	30	000	C P 	2	38	25000000
ROKU  	2024	06	21	35	000	C P 	10	412	25000000
ROKU  	2024	06	21	40	000	C P 	25	45	25000000
ROKU  	2024	06	21	45	000	C P 	8	409	25000000
ROKU  	2024	06	21	50	000	C P 	28	96	25000000
ROKU  	2024	06	21	55	000	C P 	21	19	25000000
ROKU  	2024	06	21	60	000	C P 	24	54	25000000
ROKU  	2024	06	21	65	000	C P 	32	17	25000000
ROKU  	2024	06	21	70	000	C P 	34	3	25000000
ROKU  	2024	06	21	75	000	C P 	14	9	25000000
ROKU  	2024	06	21	80	000	C P 	35	70	25000000
ROKU  	2024	06	21	85	000	C P 	11	18	25000000
ROKU  	2024	06	21	90	000	C P 	42	37	25000000
ROKU  	2024	06	21	95	000	C P 	0	0	25000000
ROKU  	2024	06	21	100	000	C P 	2	0	25000000
ROKU  	2025	01	17	20	000	C P 	37	44	25000000
ROKU  	2025	01	17	22	500	C P 	11	43	25000000
ROKU  	2025	01	17	25	000	C P 	24	77	25000000
ROKU  	2025	01	17	30	000	C P 	50	135	25000000
ROKU  	2025	01	17	35	000	C P 	51	271	25000000
ROKU  	2025	01	17	40	000	C P 	135	238	25000000
ROKU  	2025	01	17	45	000	C P 	55	306	25000000
ROKU  	2025	01	17	50	000	C P 	142	565	25000000
ROKU  	2025	01	17	55	000	C P 	218	303	25000000
ROKU  	2025	01	17	60	000	C P 	1879	211	25000000
ROKU  	2025	01	17	65	000	C P 	908	50	25000000
ROKU  	2025	01	17	70	000	C P 	163	33	25000000
ROKU  	2025	01	17	75	000	C P 	176	1040	25000000
ROKU  	2025	01	17	80	000	C P 	113	45	25000000
ROKU  	2025	01	17	85	000	C P 	47	131	25000000
ROKU  	2025	01	17	90	000	C P 	60	23	25000000
ROKU  	2025	01	17	95	000	C P 	67	3	25000000
ROKU  	2025	01	17	100	000	C P 	227	41	25000000
ROKU  	2025	01	17	105	000	C P 	471	14	25000000
ROKU  	2025	01	17	110	000	C P 	888	89	25000000
