ProductSymbol	Year	Month	Day	Integer	Dec	C/P	Call	Put	PositionLimit	
ROKU  	2023	02	10	25	000	C P 	0	360	25000000
ROKU  	2023	02	10	29	000	C P 	1	28	25000000
ROKU  	2023	02	10	30	000	C P 	1	603	25000000
ROKU  	2023	02	10	31	000	C P 	1	79	25000000
ROKU  	2023	02	10	32	000	C P 	0	1219	25000000
ROKU  	2023	02	10	33	000	C P 	1	762	25000000
ROKU  	2023	02	10	34	000	C P 	7	54	25000000
ROKU  	2023	02	10	35	000	C P 	4	118	25000000
ROKU  	2023	02	10	36	000	C P 	0	56	25000000
ROKU  	2023	02	10	37	000	C P 	1	176	25000000
ROKU  	2023	02	10	38	000	C P 	1	554	25000000
ROKU  	2023	02	10	38	500	C P 	0	240	25000000
ROKU  	2023	02	10	39	000	C P 	0	284	25000000
ROKU  	2023	02	10	39	500	C P 	12	0	25000000
ROKU  	2023	02	10	40	000	C P 	2018	2189	25000000
ROKU  	2023	02	10	40	500	C P 	6	3	25000000
ROKU  	2023	02	10	41	000	C P 	19	145	25000000
ROKU  	2023	02	10	41	500	C P 	0	8	25000000
ROKU  	2023	02	10	42	000	C P 	15	309	25000000
ROKU  	2023	02	10	42	500	C P 	1	9	25000000
ROKU  	2023	02	10	43	000	C P 	44	157	25000000
ROKU  	2023	02	10	43	500	C P 	2	12	25000000
ROKU  	2023	02	10	44	000	C P 	106	925	25000000
ROKU  	2023	02	10	44	500	C P 	24	1	25000000
ROKU  	2023	02	10	45	000	C P 	107	219	25000000
ROKU  	2023	02	10	45	500	C P 	18	45	25000000
ROKU  	2023	02	10	46	000	C P 	500	197	25000000
ROKU  	2023	02	10	46	500	C P 	15	547	25000000
ROKU  	2023	02	10	47	000	C P 	83	1040	25000000
ROKU  	2023	02	10	47	500	C P 	18	583	25000000
ROKU  	2023	02	10	48	000	C P 	106	211	25000000
ROKU  	2023	02	10	48	500	C P 	21	233	25000000
ROKU  	2023	02	10	49	000	C P 	108	210	25000000
ROKU  	2023	02	10	49	500	C P 	57	94	25000000
ROKU  	2023	02	10	50	000	C P 	209	691	25000000
ROKU  	2023	02	10	51	000	C P 	177	264	25000000
ROKU  	2023	02	10	52	000	C P 	437	456	25000000
ROKU  	2023	02	10	53	000	C P 	390	521	25000000
ROKU  	2023	02	10	54	000	C P 	474	823	25000000
ROKU  	2023	02	10	55	000	C P 	477	523	25000000
ROKU  	2023	02	10	56	000	C P 	301	1054	25000000
ROKU  	2023	02	10	57	000	C P 	845	888	25000000
ROKU  	2023	02	10	58	000	C P 	674	968	25000000
ROKU  	2023	02	10	59	000	C P 	437	962	25000000
ROKU  	2023	02	10	60	000	C P 	900	980	25000000
ROKU  	2023	02	10	61	000	C P 	516	705	25000000
ROKU  	2023	02	10	62	000	C P 	714	440	25000000
ROKU  	2023	02	10	63	000	C P 	860	633	25000000
ROKU  	2023	02	10	64	000	C P 	621	339	25000000
ROKU  	2023	02	10	65	000	C P 	3561	277	25000000
ROKU  	2023	02	10	66	000	C P 	2160	794	25000000
ROKU  	2023	02	10	67	000	C P 	755	146	25000000
ROKU  	2023	02	10	68	000	C P 	613	165	25000000
ROKU  	2023	02	10	69	000	C P 	1036	38	25000000
ROKU  	2023	02	10	70	000	C P 	1866	94	25000000
ROKU  	2023	02	10	71	000	C P 	554	43	25000000
ROKU  	2023	02	10	72	000	C P 	3531	13	25000000
ROKU  	2023	02	10	73	000	C P 	255	13	25000000
ROKU  	2023	02	10	74	000	C P 	86	0	25000000
ROKU  	2023	02	10	75	000	C P 	1650	36	25000000
ROKU  	2023	02	10	76	000	C P 	104	3	25000000
ROKU  	2023	02	10	77	000	C P 	66	0	25000000
ROKU  	2023	02	10	78	000	C P 	216	0	25000000
ROKU  	2023	02	10	79	000	C P 	106	1	25000000
ROKU  	2023	02	10	80	000	C P 	647	0	25000000
ROKU  	2023	02	10	81	000	C P 	36	0	25000000
ROKU  	2023	02	10	82	000	C P 	42	1	25000000
ROKU  	2023	02	10	83	000	C P 	47	0	25000000
ROKU  	2023	02	10	84	000	C P 	174	0	25000000
ROKU  	2023	02	10	85	000	C P 	90	0	25000000
ROKU  	2023	02	10	86	000	C P 	242	0	25000000
ROKU  	2023	02	10	87	000	C P 	109	0	25000000
ROKU  	2023	02	10	90	000	C P 	22	0	25000000
ROKU  	2023	02	10	95	000	C P 	23	0	25000000
ROKU  	2023	02	10	100	000	C P 	0	0	25000000
ROKU  	2023	02	17	20	000	C P 	1	365	25000000
ROKU  	2023	02	17	22	500	C P 	20	428	25000000
ROKU  	2023	02	17	25	000	C P 	17	2715	25000000
ROKU  	2023	02	17	30	000	C P 	94	5223	25000000
ROKU  	2023	02	17	35	000	C P 	75	5073	25000000
ROKU  	2023	02	17	40	000	C P 	768	3038	25000000
ROKU  	2023	02	17	42	000	C P 	17	100	25000000
ROKU  	2023	02	17	43	000	C P 	6	159	25000000
ROKU  	2023	02	17	44	000	C P 	12	106	25000000
ROKU  	2023	02	17	45	000	C P 	1295	4204	25000000
ROKU  	2023	02	17	45	500	C P 	41	173	25000000
ROKU  	2023	02	17	46	000	C P 	55	82	25000000
ROKU  	2023	02	17	46	500	C P 	32	115	25000000
ROKU  	2023	02	17	47	000	C P 	72	648	25000000
ROKU  	2023	02	17	47	500	C P 	41	279	25000000
ROKU  	2023	02	17	48	000	C P 	28	959	25000000
ROKU  	2023	02	17	48	500	C P 	16	137	25000000
ROKU  	2023	02	17	49	000	C P 	122	73	25000000
ROKU  	2023	02	17	49	500	C P 	144	77	25000000
ROKU  	2023	02	17	50	000	C P 	2166	3228	25000000
ROKU  	2023	02	17	51	000	C P 	237	112	25000000
ROKU  	2023	02	17	52	000	C P 	78	621	25000000
ROKU  	2023	02	17	53	000	C P 	136	336	25000000
ROKU  	2023	02	17	54	000	C P 	299	671	25000000
ROKU  	2023	02	17	55	000	C P 	2510	1966	25000000
ROKU  	2023	02	17	56	000	C P 	362	388	25000000
ROKU  	2023	02	17	57	000	C P 	755	236	25000000
ROKU  	2023	02	17	58	000	C P 	366	432	25000000
ROKU  	2023	02	17	59	000	C P 	534	192	25000000
ROKU  	2023	02	17	60	000	C P 	2426	964	25000000
ROKU  	2023	02	17	61	000	C P 	347	134	25000000
ROKU  	2023	02	17	62	000	C P 	274	188	25000000
ROKU  	2023	02	17	63	000	C P 	447	113	25000000
ROKU  	2023	02	17	64	000	C P 	140	200	25000000
ROKU  	2023	02	17	65	000	C P 	4928	1113	25000000
ROKU  	2023	02	17	66	000	C P 	385	171	25000000
ROKU  	2023	02	17	67	000	C P 	801	514	25000000
ROKU  	2023	02	17	68	000	C P 	129	249	25000000
ROKU  	2023	02	17	69	000	C P 	281	210	25000000
ROKU  	2023	02	17	70	000	C P 	1710	262	25000000
ROKU  	2023	02	17	71	000	C P 	139	44	25000000
ROKU  	2023	02	17	72	000	C P 	109	42	25000000
ROKU  	2023	02	17	73	000	C P 	80	43	25000000
ROKU  	2023	02	17	74	000	C P 	322	47	25000000
ROKU  	2023	02	17	75	000	C P 	1567	63	25000000
ROKU  	2023	02	17	76	000	C P 	162	14	25000000
ROKU  	2023	02	17	77	000	C P 	125	44	25000000
ROKU  	2023	02	17	78	000	C P 	146	21	25000000
ROKU  	2023	02	17	79	000	C P 	57	26	25000000
ROKU  	2023	02	17	80	000	C P 	731	18	25000000
ROKU  	2023	02	17	81	000	C P 	88	26	25000000
ROKU  	2023	02	17	82	000	C P 	61	22	25000000
ROKU  	2023	02	17	83	000	C P 	96	18	25000000
ROKU  	2023	02	17	84	000	C P 	59	4	25000000
ROKU  	2023	02	17	85	000	C P 	3500	57	25000000
ROKU  	2023	02	17	86	000	C P 	19	20	25000000
ROKU  	2023	02	17	87	000	C P 	172	34	25000000
ROKU  	2023	02	17	90	000	C P 	3260	23	25000000
ROKU  	2023	02	17	95	000	C P 	25	3	25000000
ROKU  	2023	02	17	100	000	C P 	237	0	25000000
ROKU  	2023	02	24	25	000	C P 	4	2503	25000000
ROKU  	2023	02	24	30	000	C P 	1	177	25000000
ROKU  	2023	02	24	32	000	C P 	0	79	25000000
ROKU  	2023	02	24	33	000	C P 	0	32	25000000
ROKU  	2023	02	24	34	000	C P 	10	246	25000000
ROKU  	2023	02	24	35	000	C P 	5	481	25000000
ROKU  	2023	02	24	36	000	C P 	1	199	25000000
ROKU  	2023	02	24	37	000	C P 	0	63	25000000
ROKU  	2023	02	24	38	000	C P 	0	102	25000000
ROKU  	2023	02	24	39	000	C P 	0	186	25000000
ROKU  	2023	02	24	40	000	C P 	20	262	25000000
ROKU  	2023	02	24	41	000	C P 	18	30	25000000
ROKU  	2023	02	24	42	000	C P 	154	54	25000000
ROKU  	2023	02	24	43	000	C P 	14	119	25000000
ROKU  	2023	02	24	44	000	C P 	40	72	25000000
ROKU  	2023	02	24	45	000	C P 	100	195	25000000
ROKU  	2023	02	24	46	000	C P 	62	79	25000000
ROKU  	2023	02	24	47	000	C P 	27	48	25000000
ROKU  	2023	02	24	48	000	C P 	447	67	25000000
ROKU  	2023	02	24	49	000	C P 	22	70	25000000
ROKU  	2023	02	24	50	000	C P 	124	199	25000000
ROKU  	2023	02	24	51	000	C P 	201	130	25000000
ROKU  	2023	02	24	52	000	C P 	417	154	25000000
ROKU  	2023	02	24	53	000	C P 	121	47	25000000
ROKU  	2023	02	24	54	000	C P 	77	121	25000000
ROKU  	2023	02	24	55	000	C P 	254	189	25000000
ROKU  	2023	02	24	56	000	C P 	59	89	25000000
ROKU  	2023	02	24	57	000	C P 	50	43	25000000
ROKU  	2023	02	24	58	000	C P 	100	46	25000000
ROKU  	2023	02	24	59	000	C P 	23	84	25000000
ROKU  	2023	02	24	60	000	C P 	759	82	25000000
ROKU  	2023	02	24	61	000	C P 	50	41	25000000
ROKU  	2023	02	24	62	000	C P 	138	53	25000000
ROKU  	2023	02	24	63	000	C P 	38	32	25000000
ROKU  	2023	02	24	64	000	C P 	136	104	25000000
ROKU  	2023	02	24	65	000	C P 	337	151	25000000
ROKU  	2023	02	24	66	000	C P 	74	62	25000000
ROKU  	2023	02	24	67	000	C P 	87	83	25000000
ROKU  	2023	02	24	68	000	C P 	68	60	25000000
ROKU  	2023	02	24	69	000	C P 	39	19	25000000
ROKU  	2023	02	24	70	000	C P 	503	12	25000000
ROKU  	2023	02	24	71	000	C P 	37	17	25000000
ROKU  	2023	02	24	72	000	C P 	35	3	25000000
ROKU  	2023	02	24	73	000	C P 	67	3	25000000
ROKU  	2023	02	24	74	000	C P 	30	7	25000000
ROKU  	2023	02	24	75	000	C P 	142	2	25000000
ROKU  	2023	02	24	76	000	C P 	34	5	25000000
ROKU  	2023	02	24	77	000	C P 	52	5	25000000
ROKU  	2023	02	24	78	000	C P 	23	5	25000000
ROKU  	2023	02	24	79	000	C P 	53	0	25000000
ROKU  	2023	02	24	80	000	C P 	83	1	25000000
ROKU  	2023	02	24	81	000	C P 	65	0	25000000
ROKU  	2023	02	24	82	000	C P 	21	0	25000000
ROKU  	2023	02	24	83	000	C P 	16	0	25000000
ROKU  	2023	02	24	84	000	C P 	9	0	25000000
ROKU  	2023	02	24	85	000	C P 	129	0	25000000
ROKU  	2023	02	24	86	000	C P 	91	0	25000000
ROKU  	2023	02	24	87	000	C P 	174	0	25000000
ROKU  	2023	02	24	90	000	C P 	74	0	25000000
ROKU  	2023	02	24	95	000	C P 	87	3	25000000
ROKU  	2023	02	24	100	000	C P 	76	0	25000000
ROKU  	2023	03	03	25	000	C P 	0	743	25000000
ROKU  	2023	03	03	30	000	C P 	0	113	25000000
ROKU  	2023	03	03	35	000	C P 	0	159	25000000
ROKU  	2023	03	03	38	000	C P 	1	224	25000000
ROKU  	2023	03	03	39	000	C P 	0	36	25000000
ROKU  	2023	03	03	40	000	C P 	3	92	25000000
ROKU  	2023	03	03	41	000	C P 	0	15	25000000
ROKU  	2023	03	03	42	000	C P 	0	10	25000000
ROKU  	2023	03	03	43	000	C P 	0	73	25000000
ROKU  	2023	03	03	44	000	C P 	0	74	25000000
ROKU  	2023	03	03	45	000	C P 	2	192	25000000
ROKU  	2023	03	03	46	000	C P 	2	77	25000000
ROKU  	2023	03	03	47	000	C P 	17	124	25000000
ROKU  	2023	03	03	48	000	C P 	27	77	25000000
ROKU  	2023	03	03	49	000	C P 	28	62	25000000
ROKU  	2023	03	03	50	000	C P 	29	69	25000000
ROKU  	2023	03	03	51	000	C P 	26	51	25000000
ROKU  	2023	03	03	52	000	C P 	52	34	25000000
ROKU  	2023	03	03	53	000	C P 	19	18	25000000
ROKU  	2023	03	03	54	000	C P 	36	108	25000000
ROKU  	2023	03	03	55	000	C P 	68	88	25000000
ROKU  	2023	03	03	56	000	C P 	54	46	25000000
ROKU  	2023	03	03	57	000	C P 	52	123	25000000
ROKU  	2023	03	03	58	000	C P 	62	14	25000000
ROKU  	2023	03	03	59	000	C P 	12	6	25000000
ROKU  	2023	03	03	60	000	C P 	66	39	25000000
ROKU  	2023	03	03	61	000	C P 	64	13	25000000
ROKU  	2023	03	03	62	000	C P 	64	26	25000000
ROKU  	2023	03	03	63	000	C P 	40	11	25000000
ROKU  	2023	03	03	64	000	C P 	54	55	25000000
ROKU  	2023	03	03	65	000	C P 	276	50	25000000
ROKU  	2023	03	03	66	000	C P 	72	1	25000000
ROKU  	2023	03	03	67	000	C P 	41	2	25000000
ROKU  	2023	03	03	68	000	C P 	23	0	25000000
ROKU  	2023	03	03	69	000	C P 	11	4	25000000
ROKU  	2023	03	03	70	000	C P 	138	15	25000000
ROKU  	2023	03	03	71	000	C P 	1	0	25000000
ROKU  	2023	03	03	72	000	C P 	6	0	25000000
ROKU  	2023	03	03	73	000	C P 	1	0	25000000
ROKU  	2023	03	03	74	000	C P 	7	0	25000000
ROKU  	2023	03	03	75	000	C P 	57	0	25000000
ROKU  	2023	03	03	76	000	C P 	2	1	25000000
ROKU  	2023	03	03	77	000	C P 	15	3	25000000
ROKU  	2023	03	03	78	000	C P 	11	0	25000000
ROKU  	2023	03	03	80	000	C P 	33	0	25000000
ROKU  	2023	03	03	85	000	C P 	62	5	25000000
ROKU  	2023	03	03	90	000	C P 	41	0	25000000
ROKU  	2023	03	03	95	000	C P 	13	0	25000000
ROKU  	2023	03	03	100	000	C P 	228	0	25000000
ROKU  	2023	03	10	30	000	C P 	0	3	25000000
ROKU  	2023	03	10	35	000	C P 	0	6	25000000
ROKU  	2023	03	10	40	000	C P 	3	10	25000000
ROKU  	2023	03	10	41	000	C P 	0	18	25000000
ROKU  	2023	03	10	42	000	C P 	3	32	25000000
ROKU  	2023	03	10	43	000	C P 	0	9	25000000
ROKU  	2023	03	10	44	000	C P 	0	307	25000000
ROKU  	2023	03	10	45	000	C P 	2	108	25000000
ROKU  	2023	03	10	46	000	C P 	0	286	25000000
ROKU  	2023	03	10	47	000	C P 	0	53	25000000
ROKU  	2023	03	10	48	000	C P 	0	31	25000000
ROKU  	2023	03	10	49	000	C P 	0	15	25000000
ROKU  	2023	03	10	50	000	C P 	10	52	25000000
ROKU  	2023	03	10	51	000	C P 	4	6	25000000
ROKU  	2023	03	10	52	000	C P 	24	91	25000000
ROKU  	2023	03	10	53	000	C P 	17	15	25000000
ROKU  	2023	03	10	54	000	C P 	74	10	25000000
ROKU  	2023	03	10	55	000	C P 	45	23	25000000
ROKU  	2023	03	10	56	000	C P 	39	17	25000000
ROKU  	2023	03	10	57	000	C P 	34	17	25000000
ROKU  	2023	03	10	58	000	C P 	51	7	25000000
ROKU  	2023	03	10	59	000	C P 	11	17	25000000
ROKU  	2023	03	10	60	000	C P 	47	38	25000000
ROKU  	2023	03	10	61	000	C P 	6	12	25000000
ROKU  	2023	03	10	62	000	C P 	14	38	25000000
ROKU  	2023	03	10	63	000	C P 	26	29	25000000
ROKU  	2023	03	10	64	000	C P 	25	50	25000000
ROKU  	2023	03	10	65	000	C P 	68	49	25000000
ROKU  	2023	03	10	66	000	C P 	10	2	25000000
ROKU  	2023	03	10	67	000	C P 	7	1	25000000
ROKU  	2023	03	10	68	000	C P 	12	3	25000000
ROKU  	2023	03	10	69	000	C P 	25	1	25000000
ROKU  	2023	03	10	70	000	C P 	142	18	25000000
ROKU  	2023	03	10	71	000	C P 	1	0	25000000
ROKU  	2023	03	10	72	000	C P 	3	1	25000000
ROKU  	2023	03	10	73	000	C P 	13	0	25000000
ROKU  	2023	03	10	74	000	C P 	0	0	25000000
ROKU  	2023	03	10	75	000	C P 	41	0	25000000
ROKU  	2023	03	10	76	000	C P 	2	0	25000000
ROKU  	2023	03	10	77	000	C P 	1	0	25000000
ROKU  	2023	03	10	78	000	C P 	2	0	25000000
ROKU  	2023	03	10	80	000	C P 	34	0	25000000
ROKU  	2023	03	10	85	000	C P 	32	0	25000000
ROKU  	2023	03	10	90	000	C P 	1	0	25000000
ROKU  	2023	03	10	95	000	C P 	1	0	25000000
ROKU  	2023	03	10	100	000	C P 	1	0	25000000
ROKU  	2023	03	17	20	000	C P 	8	218	25000000
ROKU  	2023	03	17	22	500	C P 	22	519	25000000
ROKU  	2023	03	17	25	000	C P 	20	2670	25000000
ROKU  	2023	03	17	30	000	C P 	12	7623	25000000
ROKU  	2023	03	17	35	000	C P 	192	8031	25000000
ROKU  	2023	03	17	40	000	C P 	313	3062	25000000
ROKU  	2023	03	17	45	000	C P 	468	2992	25000000
ROKU  	2023	03	17	50	000	C P 	1183	2864	25000000
ROKU  	2023	03	17	55	000	C P 	1878	1213	25000000
ROKU  	2023	03	17	60	000	C P 	1533	1547	25000000
ROKU  	2023	03	17	65	000	C P 	2320	443	25000000
ROKU  	2023	03	17	70	000	C P 	1532	339	25000000
ROKU  	2023	03	17	75	000	C P 	1341	147	25000000
ROKU  	2023	03	17	80	000	C P 	915	6	25000000
ROKU  	2023	03	17	85	000	C P 	2152	1	25000000
ROKU  	2023	03	17	90	000	C P 	1106	6	25000000
ROKU  	2023	03	17	95	000	C P 	807	0	25000000
ROKU  	2023	03	17	100	000	C P 	2785	0	25000000
ROKU  	2023	03	17	105	000	C P 	1040	0	25000000
ROKU  	2023	03	17	110	000	C P 	2072	2	25000000
ROKU  	2023	03	24	35	000	C P 	0	0	25000000
ROKU  	2023	03	24	40	000	C P 	0	4	25000000
ROKU  	2023	03	24	45	000	C P 	5	4	25000000
ROKU  	2023	03	24	46	000	C P 	5	12	25000000
ROKU  	2023	03	24	47	000	C P 	0	1	25000000
ROKU  	2023	03	24	48	000	C P 	0	6	25000000
ROKU  	2023	03	24	49	000	C P 	0	1	25000000
ROKU  	2023	03	24	50	000	C P 	10	7	25000000
ROKU  	2023	03	24	51	000	C P 	8	2	25000000
ROKU  	2023	03	24	52	000	C P 	2	0	25000000
ROKU  	2023	03	24	53	000	C P 	0	1	25000000
ROKU  	2023	03	24	54	000	C P 	0	2	25000000
ROKU  	2023	03	24	55	000	C P 	21	7	25000000
ROKU  	2023	03	24	56	000	C P 	2	4	25000000
ROKU  	2023	03	24	57	000	C P 	1	4	25000000
ROKU  	2023	03	24	58	000	C P 	0	1	25000000
ROKU  	2023	03	24	59	000	C P 	1	11	25000000
ROKU  	2023	03	24	60	000	C P 	39	19	25000000
ROKU  	2023	03	24	61	000	C P 	4	2	25000000
ROKU  	2023	03	24	62	000	C P 	4	23	25000000
ROKU  	2023	03	24	63	000	C P 	9	0	25000000
ROKU  	2023	03	24	64	000	C P 	42	0	25000000
ROKU  	2023	03	24	65	000	C P 	20	5	25000000
ROKU  	2023	03	24	66	000	C P 	9	0	25000000
ROKU  	2023	03	24	67	000	C P 	1	2	25000000
ROKU  	2023	03	24	68	000	C P 	13	0	25000000
ROKU  	2023	03	24	69	000	C P 	19	9	25000000
ROKU  	2023	03	24	70	000	C P 	6	1	25000000
ROKU  	2023	03	24	71	000	C P 	3	0	25000000
ROKU  	2023	03	24	72	000	C P 	7	0	25000000
ROKU  	2023	03	24	73	000	C P 	1	0	25000000
ROKU  	2023	03	24	74	000	C P 	0	0	25000000
ROKU  	2023	03	24	75	000	C P 	9	0	25000000
ROKU  	2023	03	24	76	000	C P 	0	0	25000000
ROKU  	2023	03	24	77	000	C P 	0	0	25000000
ROKU  	2023	03	24	78	000	C P 	1	0	25000000
ROKU  	2023	03	24	80	000	C P 	2	0	25000000
ROKU  	2023	03	24	85	000	C P 	3	0	25000000
ROKU  	2023	03	24	90	000	C P 	1	0	25000000
ROKU  	2023	03	24	95	000	C P 	2	0	25000000
ROKU  	2023	03	24	100	000	C P 	13	0	25000000
ROKU  	2023	04	21	20	000	C P 	0	126	25000000
ROKU  	2023	04	21	22	500	C P 	2	388	25000000
ROKU  	2023	04	21	25	000	C P 	18	1136	25000000
ROKU  	2023	04	21	30	000	C P 	18	2433	25000000
ROKU  	2023	04	21	35	000	C P 	28	689	25000000
ROKU  	2023	04	21	40	000	C P 	151	1250	25000000
ROKU  	2023	04	21	45	000	C P 	365	1427	25000000
ROKU  	2023	04	21	50	000	C P 	486	1998	25000000
ROKU  	2023	04	21	55	000	C P 	451	957	25000000
ROKU  	2023	04	21	60	000	C P 	1306	644	25000000
ROKU  	2023	04	21	65	000	C P 	988	623	25000000
ROKU  	2023	04	21	70	000	C P 	1000	343	25000000
ROKU  	2023	04	21	75	000	C P 	1003	615	25000000
ROKU  	2023	04	21	80	000	C P 	724	36	25000000
ROKU  	2023	04	21	85	000	C P 	567	0	25000000
ROKU  	2023	04	21	90	000	C P 	239	4	25000000
ROKU  	2023	04	21	95	000	C P 	230	0	25000000
ROKU  	2023	04	21	100	000	C P 	1443	1	25000000
ROKU  	2023	04	21	105	000	C P 	275	0	25000000
ROKU  	2023	04	21	110	000	C P 	259	0	25000000
ROKU  	2023	04	21	115	000	C P 	315	0	25000000
ROKU  	2023	04	21	120	000	C P 	231	0	25000000
ROKU  	2023	04	21	125	000	C P 	485	0	25000000
ROKU  	2023	06	16	20	000	C P 	26	255	25000000
ROKU  	2023	06	16	22	500	C P 	1	2155	25000000
ROKU  	2023	06	16	25	000	C P 	1	1691	25000000
ROKU  	2023	06	16	30	000	C P 	12	3248	25000000
ROKU  	2023	06	16	35	000	C P 	110	2162	25000000
ROKU  	2023	06	16	40	000	C P 	213	3698	25000000
ROKU  	2023	06	16	45	000	C P 	435	8419	25000000
ROKU  	2023	06	16	50	000	C P 	610	9239	25000000
ROKU  	2023	06	16	55	000	C P 	1688	1874	25000000
ROKU  	2023	06	16	60	000	C P 	2279	882	25000000
ROKU  	2023	06	16	65	000	C P 	1107	740	25000000
ROKU  	2023	06	16	70	000	C P 	1709	666	25000000
ROKU  	2023	06	16	75	000	C P 	849	1007	25000000
ROKU  	2023	06	16	80	000	C P 	1320	457	25000000
ROKU  	2023	06	16	85	000	C P 	723	1194	25000000
ROKU  	2023	06	16	90	000	C P 	1321	184	25000000
ROKU  	2023	06	16	95	000	C P 	518	25	25000000
ROKU  	2023	06	16	100	000	C P 	1471	5	25000000
ROKU  	2023	06	16	105	000	C P 	534	36	25000000
ROKU  	2023	06	16	110	000	C P 	1214	17	25000000
ROKU  	2023	06	16	115	000	C P 	726	4	25000000
ROKU  	2023	06	16	120	000	C P 	920	0	25000000
ROKU  	2023	06	16	125	000	C P 	1003	1	25000000
ROKU  	2023	06	16	130	000	C P 	646	0	25000000
ROKU  	2023	06	16	135	000	C P 	829	0	25000000
ROKU  	2023	06	16	140	000	C P 	1599	0	25000000
ROKU  	2023	07	21	20	000	C P 	6	110	25000000
ROKU  	2023	07	21	22	500	C P 	0	124	25000000
ROKU  	2023	07	21	25	000	C P 	1	201	25000000
ROKU  	2023	07	21	30	000	C P 	249	1594	25000000
ROKU  	2023	07	21	35	000	C P 	15	1581	25000000
ROKU  	2023	07	21	40	000	C P 	132	1666	25000000
ROKU  	2023	07	21	45	000	C P 	93	791	25000000
ROKU  	2023	07	21	50	000	C P 	337	632	25000000
ROKU  	2023	07	21	55	000	C P 	158	1332	25000000
ROKU  	2023	07	21	60	000	C P 	152	563	25000000
ROKU  	2023	07	21	65	000	C P 	467	367	25000000
ROKU  	2023	07	21	70	000	C P 	509	71	25000000
ROKU  	2023	07	21	75	000	C P 	392	420	25000000
ROKU  	2023	07	21	80	000	C P 	750	799	25000000
ROKU  	2023	07	21	85	000	C P 	1319	376	25000000
ROKU  	2023	07	21	90	000	C P 	285	95	25000000
ROKU  	2023	07	21	95	000	C P 	150	4	25000000
ROKU  	2023	07	21	100	000	C P 	74	53	25000000
ROKU  	2023	09	15	20	000	C P 	3	6	25000000
ROKU  	2023	09	15	22	500	C P 	0	70	25000000
ROKU  	2023	09	15	25	000	C P 	0	297	25000000
ROKU  	2023	09	15	30	000	C P 	14	71	25000000
ROKU  	2023	09	15	35	000	C P 	35	584	25000000
ROKU  	2023	09	15	40	000	C P 	1808	1284	25000000
ROKU  	2023	09	15	45	000	C P 	18	762	25000000
ROKU  	2023	09	15	50	000	C P 	27	586	25000000
ROKU  	2023	09	15	55	000	C P 	233	193	25000000
ROKU  	2023	09	15	60	000	C P 	3896	155	25000000
ROKU  	2023	09	15	65	000	C P 	883	255	25000000
ROKU  	2023	09	15	70	000	C P 	136	66	25000000
ROKU  	2023	09	15	75	000	C P 	215	61	25000000
ROKU  	2023	09	15	80	000	C P 	393	7	25000000
ROKU  	2023	09	15	85	000	C P 	68	28	25000000
ROKU  	2023	09	15	90	000	C P 	440	10	25000000
ROKU  	2023	09	15	95	000	C P 	18	0	25000000
ROKU  	2023	09	15	100	000	C P 	23	70	25000000
ROKU  	2024	01	19	20	000	C P 	11	84	25000000
ROKU  	2024	01	19	22	500	C P 	1	97	25000000
ROKU  	2024	01	19	25	000	C P 	27	888	25000000
ROKU  	2024	01	19	30	000	C P 	109	2049	25000000
ROKU  	2024	01	19	35	000	C P 	119	1141	25000000
ROKU  	2024	01	19	40	000	C P 	826	1620	25000000
ROKU  	2024	01	19	45	000	C P 	384	2222	25000000
ROKU  	2024	01	19	50	000	C P 	319	608	25000000
ROKU  	2024	01	19	55	000	C P 	199	237	25000000
ROKU  	2024	01	19	60	000	C P 	640	2183	25000000
ROKU  	2024	01	19	65	000	C P 	571	940	25000000
ROKU  	2024	01	19	70	000	C P 	607	277	25000000
ROKU  	2024	01	19	75	000	C P 	282	563	25000000
ROKU  	2024	01	19	80	000	C P 	381	1007	25000000
ROKU  	2024	01	19	85	000	C P 	509	683	25000000
ROKU  	2024	01	19	90	000	C P 	2047	786	25000000
ROKU  	2024	01	19	95	000	C P 	781	341	25000000
ROKU  	2024	01	19	100	000	C P 	1165	347	25000000
ROKU  	2024	01	19	105	000	C P 	255	364	25000000
ROKU  	2024	01	19	110	000	C P 	613	63	25000000
ROKU  	2024	01	19	115	000	C P 	762	285	25000000
ROKU  	2024	01	19	120	000	C P 	2160	5	25000000
ROKU  	2024	01	19	125	000	C P 	301	6	25000000
ROKU  	2024	01	19	130	000	C P 	594	56	25000000
ROKU  	2024	01	19	135	000	C P 	223	2	25000000
ROKU  	2024	01	19	140	000	C P 	386	1	25000000
ROKU  	2024	01	19	145	000	C P 	321	0	25000000
ROKU  	2024	01	19	150	000	C P 	1638	14	25000000
ROKU  	2024	01	19	155	000	C P 	395	2	25000000
ROKU  	2024	01	19	160	000	C P 	264	4	25000000
ROKU  	2024	01	19	165	000	C P 	124	0	25000000
ROKU  	2024	01	19	170	000	C P 	393	0	25000000
ROKU  	2024	01	19	175	000	C P 	372	0	25000000
ROKU  	2024	01	19	180	000	C P 	501	1	25000000
ROKU  	2024	01	19	185	000	C P 	205	8	25000000
ROKU  	2024	01	19	190	000	C P 	1425	5	25000000
ROKU  	2024	01	19	195	000	C P 	188	2	25000000
ROKU  	2024	01	19	200	000	C P 	1657	0	25000000
ROKU  	2024	01	19	205	000	C P 	135	0	25000000
ROKU  	2024	01	19	210	000	C P 	501	0	25000000
ROKU  	2024	01	19	220	000	C P 	846	0	25000000
ROKU  	2024	01	19	230	000	C P 	230	0	25000000
ROKU  	2024	01	19	240	000	C P 	156	0	25000000
ROKU  	2024	01	19	250	000	C P 	672	0	25000000
ROKU  	2024	01	19	260	000	C P 	190	0	25000000
ROKU  	2024	01	19	270	000	C P 	119	0	25000000
ROKU  	2024	01	19	280	000	C P 	149	0	25000000
ROKU  	2024	01	19	290	000	C P 	316	0	25000000
ROKU  	2024	01	19	300	000	C P 	2205	0	25000000
ROKU  	2024	01	19	310	000	C P 	343	0	25000000
ROKU  	2024	01	19	320	000	C P 	326	0	25000000
ROKU  	2024	01	19	330	000	C P 	281	0	25000000
ROKU  	2024	01	19	340	000	C P 	180	0	25000000
ROKU  	2024	01	19	350	000	C P 	219	0	25000000
ROKU  	2024	01	19	360	000	C P 	538	0	25000000
ROKU  	2024	01	19	370	000	C P 	107	0	25000000
ROKU  	2024	01	19	380	000	C P 	143	0	25000000
ROKU  	2024	01	19	390	000	C P 	428	0	25000000
ROKU  	2024	01	19	400	000	C P 	1014	0	25000000
ROKU  	2024	01	19	410	000	C P 	124	0	25000000
ROKU  	2024	01	19	420	000	C P 	283	0	25000000
ROKU  	2024	01	19	430	000	C P 	457	0	25000000
ROKU  	2024	01	19	440	000	C P 	142	0	25000000
ROKU  	2024	01	19	450	000	C P 	294	0	25000000
ROKU  	2024	01	19	460	000	C P 	31	0	25000000
ROKU  	2024	01	19	470	000	C P 	179	0	25000000
ROKU  	2024	01	19	480	000	C P 	45	0	25000000
ROKU  	2024	01	19	490	000	C P 	29	0	25000000
ROKU  	2024	01	19	500	000	C P 	368	0	25000000
ROKU  	2024	01	19	510	000	C P 	143	0	25000000
ROKU  	2024	01	19	520	000	C P 	2797	0	25000000
ROKU  	2024	06	21	20	000	C P 	0	15	25000000
ROKU  	2024	06	21	22	500	C P 	1	4	25000000
ROKU  	2024	06	21	25	000	C P 	1	2	25000000
ROKU  	2024	06	21	30	000	C P 	2	38	25000000
ROKU  	2024	06	21	35	000	C P 	10	412	25000000
ROKU  	2024	06	21	40	000	C P 	20	40	25000000
ROKU  	2024	06	21	45	000	C P 	12	407	25000000
ROKU  	2024	06	21	50	000	C P 	28	66	25000000
ROKU  	2024	06	21	55	000	C P 	20	18	25000000
ROKU  	2024	06	21	60	000	C P 	19	2	25000000
ROKU  	2024	06	21	65	000	C P 	31	17	25000000
ROKU  	2024	06	21	70	000	C P 	34	3	25000000
ROKU  	2024	06	21	75	000	C P 	14	9	25000000
ROKU  	2024	06	21	80	000	C P 	35	70	25000000
ROKU  	2024	06	21	85	000	C P 	11	18	25000000
ROKU  	2024	06	21	90	000	C P 	42	37	25000000
ROKU  	2024	06	21	95	000	C P 	0	0	25000000
ROKU  	2024	06	21	100	000	C P 	1	0	25000000
ROKU  	2025	01	17	20	000	C P 	27	36	25000000
ROKU  	2025	01	17	22	500	C P 	8	29	25000000
ROKU  	2025	01	17	25	000	C P 	26	69	25000000
ROKU  	2025	01	17	30	000	C P 	50	133	25000000
ROKU  	2025	01	17	35	000	C P 	51	256	25000000
ROKU  	2025	01	17	40	000	C P 	130	236	25000000
ROKU  	2025	01	17	45	000	C P 	57	296	25000000
ROKU  	2025	01	17	50	000	C P 	140	545	25000000
ROKU  	2025	01	17	55	000	C P 	218	294	25000000
ROKU  	2025	01	17	60	000	C P 	1878	205	25000000
ROKU  	2025	01	17	65	000	C P 	908	49	25000000
ROKU  	2025	01	17	70	000	C P 	162	33	25000000
ROKU  	2025	01	17	75	000	C P 	176	1040	25000000
ROKU  	2025	01	17	80	000	C P 	114	45	25000000
ROKU  	2025	01	17	85	000	C P 	47	131	25000000
ROKU  	2025	01	17	90	000	C P 	60	23	25000000
ROKU  	2025	01	17	95	000	C P 	67	3	25000000
ROKU  	2025	01	17	100	000	C P 	227	41	25000000
ROKU  	2025	01	17	105	000	C P 	472	14	25000000
ROKU  	2025	01	17	110	000	C P 	867	89	25000000
