Series Search Results for ROKU

Products for this option symbol are traded on: 
AMEX ARCA BATS BOX C2 CBOE EDGX EMLD GEM ISE MCRY MIAX MPRL NOBO NSDQ PHLX 

		Series/contract		Strike			Open Interest			
ProductSymbol	year	Month	Day	Integer	Dec	C/P	Call	Put	Position Limit	
ROKU  		2023	02	03	20	000	C P 	0	91	25000000
ROKU  		2023	02	03	25	000	C P 	0	12	25000000
ROKU  		2023	02	03	29	000	C P 	0	8	25000000
ROKU  		2023	02	03	30	000	C P 	0	63	25000000
ROKU  		2023	02	03	31	000	C P 	0	30	25000000
ROKU  		2023	02	03	32	000	C P 	0	47	25000000
ROKU  		2023	02	03	33	000	C P 	0	39	25000000
ROKU  		2023	02	03	34	000	C P 	0	281	25000000
ROKU  		2023	02	03	35	000	C P 	0	227	25000000
ROKU  		2023	02	03	35	500	C P 	0	28	25000000
ROKU  		2023	02	03	36	000	C P 	0	177	25000000
ROKU  		2023	02	03	36	500	C P 	0	260	25000000
ROKU  		2023	02	03	37	000	C P 	0	526	25000000
ROKU  		2023	02	03	37	500	C P 	0	25	25000000
ROKU  		2023	02	03	38	000	C P 	0	1235	25000000
ROKU  		2023	02	03	38	500	C P 	0	84	25000000
ROKU  		2023	02	03	39	000	C P 	0	93	25000000
ROKU  		2023	02	03	39	500	C P 	0	9	25000000
ROKU  		2023	02	03	40	000	C P 	0	282	25000000
ROKU  		2023	02	03	40	500	C P 	0	15	25000000
ROKU  		2023	02	03	41	000	C P 	0	215	25000000
ROKU  		2023	02	03	41	500	C P 	0	184	25000000
ROKU  		2023	02	03	42	000	C P 	0	354	25000000
ROKU  		2023	02	03	42	500	C P 	0	140	25000000
ROKU  		2023	02	03	43	000	C P 	0	448	25000000
ROKU  		2023	02	03	43	500	C P 	0	306	25000000
ROKU  		2023	02	03	44	000	C P 	0	787	25000000
ROKU  		2023	02	03	44	500	C P 	0	434	25000000
ROKU  		2023	02	03	45	000	C P 	0	1145	25000000
ROKU  		2023	02	03	45	500	C P 	0	442	25000000
ROKU  		2023	02	03	46	000	C P 	0	379	25000000
ROKU  		2023	02	03	46	500	C P 	0	370	25000000
ROKU  		2023	02	03	47	000	C P 	0	333	25000000
ROKU  		2023	02	03	47	500	C P 	0	241	25000000
ROKU  		2023	02	03	48	000	C P 	0	627	25000000
ROKU  		2023	02	03	48	500	C P 	0	465	25000000
ROKU  		2023	02	03	49	000	C P 	0	873	25000000
ROKU  		2023	02	03	49	500	C P 	0	462	25000000
ROKU  		2023	02	03	50	000	C P 	0	2035	25000000
ROKU  		2023	02	03	51	000	C P 	0	774	25000000
ROKU  		2023	02	03	52	000	C P 	0	978	25000000
ROKU  		2023	02	03	53	000	C P 	0	1426	25000000
ROKU  		2023	02	03	54	000	C P 	0	650	25000000
ROKU  		2023	02	03	55	000	C P 	0	952	25000000
ROKU  		2023	02	03	56	000	C P 	0	999	25000000
ROKU  		2023	02	03	57	000	C P 	0	660	25000000
ROKU  		2023	02	03	58	000	C P 	0	755	25000000
ROKU  		2023	02	03	59	000	C P 	0	668	25000000
ROKU  		2023	02	03	60	000	C P 	0	1198	25000000
ROKU  		2023	02	03	61	000	C P 	0	1505	25000000
ROKU  		2023	02	03	62	000	C P 	0	1043	25000000
ROKU  		2023	02	03	63	000	C P 	846	0	25000000
ROKU  		2023	02	03	64	000	C P 	571	0	25000000
ROKU  		2023	02	03	65	000	C P 	1460	0	25000000
ROKU  		2023	02	03	66	000	C P 	822	0	25000000
ROKU  		2023	02	03	67	000	C P 	1223	0	25000000
ROKU  		2023	02	03	68	000	C P 	362	0	25000000
ROKU  		2023	02	03	69	000	C P 	385	0	25000000
ROKU  		2023	02	03	70	000	C P 	884	0	25000000
ROKU  		2023	02	03	71	000	C P 	392	0	25000000
ROKU  		2023	02	03	72	000	C P 	177	0	25000000
ROKU  		2023	02	03	73	000	C P 	187	0	25000000
ROKU  		2023	02	03	74	000	C P 	95	0	25000000
ROKU  		2023	02	03	75	000	C P 	350	0	25000000
ROKU  		2023	02	03	76	000	C P 	13	0	25000000
ROKU  		2023	02	03	77	000	C P 	100	0	25000000
ROKU  		2023	02	03	78	000	C P 	66	0	25000000
ROKU  		2023	02	03	79	000	C P 	27	0	25000000
ROKU  		2023	02	03	80	000	C P 	2	0	25000000
ROKU  		2023	02	03	81	000	C P 	0	0	25000000
ROKU  		2023	02	03	82	000	C P 	0	0	25000000
ROKU  		2023	02	03	83	000	C P 	0	0	25000000
ROKU  		2023	02	03	84	000	C P 	0	0	25000000
ROKU  		2023	02	03	85	000	C P 	0	0	25000000
ROKU  		2023	02	03	86	000	C P 	0	0	25000000
ROKU  		2023	02	03	87	000	C P 	0	0	25000000
ROKU  		2023	02	03	90	000	C P 	0	0	25000000
ROKU  		2023	02	03	95	000	C P 	0	0	25000000
ROKU  		2023	02	03	100	000	C P 	0	0	25000000
ROKU  		2023	02	10	25	000	C P 	0	360	25000000
ROKU  		2023	02	10	29	000	C P 	0	28	25000000
ROKU  		2023	02	10	30	000	C P 	0	603	25000000
ROKU  		2023	02	10	31	000	C P 	1	79	25000000
ROKU  		2023	02	10	32	000	C P 	0	1219	25000000
ROKU  		2023	02	10	33	000	C P 	0	762	25000000
ROKU  		2023	02	10	34	000	C P 	7	54	25000000
ROKU  		2023	02	10	35	000	C P 	4	118	25000000
ROKU  		2023	02	10	36	000	C P 	0	56	25000000
ROKU  		2023	02	10	37	000	C P 	1	176	25000000
ROKU  		2023	02	10	38	000	C P 	1	554	25000000
ROKU  		2023	02	10	38	500	C P 	0	240	25000000
ROKU  		2023	02	10	39	000	C P 	0	284	25000000
ROKU  		2023	02	10	39	500	C P 	12	0	25000000
ROKU  		2023	02	10	40	000	C P 	2018	2191	25000000
ROKU  		2023	02	10	40	500	C P 	6	3	25000000
ROKU  		2023	02	10	41	000	C P 	19	145	25000000
ROKU  		2023	02	10	41	500	C P 	0	8	25000000
ROKU  		2023	02	10	42	000	C P 	15	309	25000000
ROKU  		2023	02	10	42	500	C P 	1	9	25000000
ROKU  		2023	02	10	43	000	C P 	44	157	25000000
ROKU  		2023	02	10	43	500	C P 	2	12	25000000
ROKU  		2023	02	10	44	000	C P 	106	925	25000000
ROKU  		2023	02	10	44	500	C P 	24	1	25000000
ROKU  		2023	02	10	45	000	C P 	114	221	25000000
ROKU  		2023	02	10	45	500	C P 	18	45	25000000
ROKU  		2023	02	10	46	000	C P 	500	132	25000000
ROKU  		2023	02	10	46	500	C P 	15	63	25000000
ROKU  		2023	02	10	47	000	C P 	86	905	25000000
ROKU  		2023	02	10	47	500	C P 	18	137	25000000
ROKU  		2023	02	10	48	000	C P 	114	212	25000000
ROKU  		2023	02	10	48	500	C P 	21	265	25000000
ROKU  		2023	02	10	49	000	C P 	109	207	25000000
ROKU  		2023	02	10	49	500	C P 	58	95	25000000
ROKU  		2023	02	10	50	000	C P 	214	694	25000000
ROKU  		2023	02	10	51	000	C P 	177	296	25000000
ROKU  		2023	02	10	52	000	C P 	445	389	25000000
ROKU  		2023	02	10	53	000	C P 	393	336	25000000
ROKU  		2023	02	10	54	000	C P 	475	796	25000000
ROKU  		2023	02	10	55	000	C P 	487	552	25000000
ROKU  		2023	02	10	56	000	C P 	301	420	25000000
ROKU  		2023	02	10	57	000	C P 	872	620	25000000
ROKU  		2023	02	10	58	000	C P 	686	880	25000000
ROKU  		2023	02	10	59	000	C P 	474	786	25000000
ROKU  		2023	02	10	60	000	C P 	927	641	25000000
ROKU  		2023	02	10	61	000	C P 	442	566	25000000
ROKU  		2023	02	10	62	000	C P 	368	404	25000000
ROKU  		2023	02	10	63	000	C P 	690	485	25000000
ROKU  		2023	02	10	64	000	C P 	483	348	25000000
ROKU  		2023	02	10	65	000	C P 	3736	286	25000000
ROKU  		2023	02	10	66	000	C P 	1867	785	25000000
ROKU  		2023	02	10	67	000	C P 	700	104	25000000
ROKU  		2023	02	10	68	000	C P 	528	168	25000000
ROKU  		2023	02	10	69	000	C P 	843	41	25000000
ROKU  		2023	02	10	70	000	C P 	1771	95	25000000
ROKU  		2023	02	10	71	000	C P 	551	44	25000000
ROKU  		2023	02	10	72	000	C P 	3323	9	25000000
ROKU  		2023	02	10	73	000	C P 	141	13	25000000
ROKU  		2023	02	10	74	000	C P 	57	0	25000000
ROKU  		2023	02	10	75	000	C P 	1516	35	25000000
ROKU  		2023	02	10	76	000	C P 	111	3	25000000
ROKU  		2023	02	10	77	000	C P 	26	0	25000000
ROKU  		2023	02	10	78	000	C P 	164	0	25000000
ROKU  		2023	02	10	79	000	C P 	109	1	25000000
ROKU  		2023	02	10	80	000	C P 	197	0	25000000
ROKU  		2023	02	10	81	000	C P 	36	0	25000000
ROKU  		2023	02	10	82	000	C P 	43	1	25000000
ROKU  		2023	02	10	83	000	C P 	47	0	25000000
ROKU  		2023	02	10	84	000	C P 	165	0	25000000
ROKU  		2023	02	10	85	000	C P 	87	0	25000000
ROKU  		2023	02	10	86	000	C P 	240	0	25000000
ROKU  		2023	02	10	87	000	C P 	109	0	25000000
ROKU  		2023	02	10	90	000	C P 	21	0	25000000
ROKU  		2023	02	10	95	000	C P 	24	0	25000000
ROKU  		2023	02	10	100	000	C P 	0	0	25000000
ROKU  		2023	02	17	20	000	C P 	1	365	25000000
ROKU  		2023	02	17	22	500	C P 	20	424	25000000
ROKU  		2023	02	17	25	000	C P 	17	2718	25000000
ROKU  		2023	02	17	30	000	C P 	94	5223	25000000
ROKU  		2023	02	17	35	000	C P 	75	3807	25000000
ROKU  		2023	02	17	40	000	C P 	758	3038	25000000
ROKU  		2023	02	17	42	000	C P 	17	88	25000000
ROKU  		2023	02	17	43	000	C P 	6	173	25000000
ROKU  		2023	02	17	44	000	C P 	10	112	25000000
ROKU  		2023	02	17	45	000	C P 	1297	4197	25000000
ROKU  		2023	02	17	45	500	C P 	41	179	25000000
ROKU  		2023	02	17	46	000	C P 	55	77	25000000
ROKU  		2023	02	17	46	500	C P 	32	114	25000000
ROKU  		2023	02	17	47	000	C P 	72	641	25000000
ROKU  		2023	02	17	47	500	C P 	41	279	25000000
ROKU  		2023	02	17	48	000	C P 	27	925	25000000
ROKU  		2023	02	17	48	500	C P 	16	131	25000000
ROKU  		2023	02	17	49	000	C P 	121	73	25000000
ROKU  		2023	02	17	49	500	C P 	144	75	25000000
ROKU  		2023	02	17	50	000	C P 	2168	3051	25000000
ROKU  		2023	02	17	51	000	C P 	237	110	25000000
ROKU  		2023	02	17	52	000	C P 	77	402	25000000
ROKU  		2023	02	17	53	000	C P 	135	316	25000000
ROKU  		2023	02	17	54	000	C P 	303	670	25000000
ROKU  		2023	02	17	55	000	C P 	2511	1875	25000000
ROKU  		2023	02	17	56	000	C P 	362	294	25000000
ROKU  		2023	02	17	57	000	C P 	756	229	25000000
ROKU  		2023	02	17	58	000	C P 	361	420	25000000
ROKU  		2023	02	17	59	000	C P 	537	173	25000000
ROKU  		2023	02	17	60	000	C P 	2432	903	25000000
ROKU  		2023	02	17	61	000	C P 	345	116	25000000
ROKU  		2023	02	17	62	000	C P 	258	144	25000000
ROKU  		2023	02	17	63	000	C P 	417	99	25000000
ROKU  		2023	02	17	64	000	C P 	117	175	25000000
ROKU  		2023	02	17	65	000	C P 	4980	1115	25000000
ROKU  		2023	02	17	66	000	C P 	362	172	25000000
ROKU  		2023	02	17	67	000	C P 	732	514	25000000
ROKU  		2023	02	17	68	000	C P 	117	233	25000000
ROKU  		2023	02	17	69	000	C P 	275	182	25000000
ROKU  		2023	02	17	70	000	C P 	1688	202	25000000
ROKU  		2023	02	17	71	000	C P 	135	38	25000000
ROKU  		2023	02	17	72	000	C P 	74	37	25000000
ROKU  		2023	02	17	73	000	C P 	73	39	25000000
ROKU  		2023	02	17	74	000	C P 	312	20	25000000
ROKU  		2023	02	17	75	000	C P 	1526	39	25000000
ROKU  		2023	02	17	76	000	C P 	129	18	25000000
ROKU  		2023	02	17	77	000	C P 	115	44	25000000
ROKU  		2023	02	17	78	000	C P 	114	21	25000000
ROKU  		2023	02	17	79	000	C P 	15	25	25000000
ROKU  		2023	02	17	80	000	C P 	737	18	25000000
ROKU  		2023	02	17	81	000	C P 	43	18	25000000
ROKU  		2023	02	17	82	000	C P 	60	22	25000000
ROKU  		2023	02	17	83	000	C P 	96	15	25000000
ROKU  		2023	02	17	84	000	C P 	36	4	25000000
ROKU  		2023	02	17	85	000	C P 	3484	37	25000000
ROKU  		2023	02	17	86	000	C P 	24	20	25000000
ROKU  		2023	02	17	87	000	C P 	161	32	25000000
ROKU  		2023	02	17	90	000	C P 	3254	23	25000000
ROKU  		2023	02	17	95	000	C P 	9	3	25000000
ROKU  		2023	02	17	100	000	C P 	86	0	25000000
ROKU  		2023	02	24	25	000	C P 	4	2503	25000000
ROKU  		2023	02	24	30	000	C P 	1	177	25000000
ROKU  		2023	02	24	32	000	C P 	0	70	25000000
ROKU  		2023	02	24	33	000	C P 	0	34	25000000
ROKU  		2023	02	24	34	000	C P 	10	246	25000000
ROKU  		2023	02	24	35	000	C P 	5	479	25000000
ROKU  		2023	02	24	36	000	C P 	1	199	25000000
ROKU  		2023	02	24	37	000	C P 	0	53	25000000
ROKU  		2023	02	24	38	000	C P 	0	102	25000000
ROKU  		2023	02	24	39	000	C P 	0	186	25000000
ROKU  		2023	02	24	40	000	C P 	20	260	25000000
ROKU  		2023	02	24	41	000	C P 	18	30	25000000
ROKU  		2023	02	24	42	000	C P 	154	53	25000000
ROKU  		2023	02	24	43	000	C P 	14	119	25000000
ROKU  		2023	02	24	44	000	C P 	40	71	25000000
ROKU  		2023	02	24	45	000	C P 	100	195	25000000
ROKU  		2023	02	24	46	000	C P 	62	77	25000000
ROKU  		2023	02	24	47	000	C P 	27	45	25000000
ROKU  		2023	02	24	48	000	C P 	447	48	25000000
ROKU  		2023	02	24	49	000	C P 	21	70	25000000
ROKU  		2023	02	24	50	000	C P 	124	186	25000000
ROKU  		2023	02	24	51	000	C P 	201	131	25000000
ROKU  		2023	02	24	52	000	C P 	417	154	25000000
ROKU  		2023	02	24	53	000	C P 	112	47	25000000
ROKU  		2023	02	24	54	000	C P 	73	121	25000000
ROKU  		2023	02	24	55	000	C P 	251	137	25000000
ROKU  		2023	02	24	56	000	C P 	59	90	25000000
ROKU  		2023	02	24	57	000	C P 	48	43	25000000
ROKU  		2023	02	24	58	000	C P 	93	45	25000000
ROKU  		2023	02	24	59	000	C P 	21	77	25000000
ROKU  		2023	02	24	60	000	C P 	756	73	25000000
ROKU  		2023	02	24	61	000	C P 	44	34	25000000
ROKU  		2023	02	24	62	000	C P 	137	53	25000000
ROKU  		2023	02	24	63	000	C P 	26	29	25000000
ROKU  		2023	02	24	64	000	C P 	139	106	25000000
ROKU  		2023	02	24	65	000	C P 	387	149	25000000
ROKU  		2023	02	24	66	000	C P 	75	61	25000000
ROKU  		2023	02	24	67	000	C P 	86	80	25000000
ROKU  		2023	02	24	68	000	C P 	65	59	25000000
ROKU  		2023	02	24	69	000	C P 	39	19	25000000
ROKU  		2023	02	24	70	000	C P 	509	9	25000000
ROKU  		2023	02	24	71	000	C P 	36	1	25000000
ROKU  		2023	02	24	72	000	C P 	30	0	25000000
ROKU  		2023	02	24	73	000	C P 	66	1	25000000
ROKU  		2023	02	24	74	000	C P 	30	3	25000000
ROKU  		2023	02	24	75	000	C P 	129	0	25000000
ROKU  		2023	02	24	76	000	C P 	33	4	25000000
ROKU  		2023	02	24	77	000	C P 	52	1	25000000
ROKU  		2023	02	24	78	000	C P 	20	3	25000000
ROKU  		2023	02	24	79	000	C P 	52	0	25000000
ROKU  		2023	02	24	80	000	C P 	81	1	25000000
ROKU  		2023	02	24	81	000	C P 	65	0	25000000
ROKU  		2023	02	24	82	000	C P 	21	0	25000000
ROKU  		2023	02	24	83	000	C P 	16	0	25000000
ROKU  		2023	02	24	84	000	C P 	9	0	25000000
ROKU  		2023	02	24	85	000	C P 	36	0	25000000
ROKU  		2023	02	24	86	000	C P 	94	0	25000000
ROKU  		2023	02	24	87	000	C P 	168	0	25000000
ROKU  		2023	02	24	90	000	C P 	56	0	25000000
ROKU  		2023	02	24	95	000	C P 	36	3	25000000
ROKU  		2023	02	24	100	000	C P 	65	1	25000000
ROKU  		2023	03	03	25	000	C P 	0	743	25000000
ROKU  		2023	03	03	30	000	C P 	0	113	25000000
ROKU  		2023	03	03	35	000	C P 	0	65	25000000
ROKU  		2023	03	03	38	000	C P 	1	221	25000000
ROKU  		2023	03	03	39	000	C P 	0	36	25000000
ROKU  		2023	03	03	40	000	C P 	3	82	25000000
ROKU  		2023	03	03	41	000	C P 	0	15	25000000
ROKU  		2023	03	03	42	000	C P 	0	10	25000000
ROKU  		2023	03	03	43	000	C P 	0	73	25000000
ROKU  		2023	03	03	44	000	C P 	0	65	25000000
ROKU  		2023	03	03	45	000	C P 	2	181	25000000
ROKU  		2023	03	03	46	000	C P 	2	77	25000000
ROKU  		2023	03	03	47	000	C P 	17	77	25000000
ROKU  		2023	03	03	48	000	C P 	27	77	25000000
ROKU  		2023	03	03	49	000	C P 	28	58	25000000
ROKU  		2023	03	03	50	000	C P 	29	67	25000000
ROKU  		2023	03	03	51	000	C P 	26	51	25000000
ROKU  		2023	03	03	52	000	C P 	51	31	25000000
ROKU  		2023	03	03	53	000	C P 	19	19	25000000
ROKU  		2023	03	03	54	000	C P 	36	108	25000000
ROKU  		2023	03	03	55	000	C P 	82	80	25000000
ROKU  		2023	03	03	56	000	C P 	54	46	25000000
ROKU  		2023	03	03	57	000	C P 	52	123	25000000
ROKU  		2023	03	03	58	000	C P 	65	12	25000000
ROKU  		2023	03	03	59	000	C P 	14	6	25000000
ROKU  		2023	03	03	60	000	C P 	66	34	25000000
ROKU  		2023	03	03	61	000	C P 	62	9	25000000
ROKU  		2023	03	03	62	000	C P 	63	22	25000000
ROKU  		2023	03	03	63	000	C P 	34	11	25000000
ROKU  		2023	03	03	64	000	C P 	58	55	25000000
ROKU  		2023	03	03	65	000	C P 	275	47	25000000
ROKU  		2023	03	03	66	000	C P 	73	1	25000000
ROKU  		2023	03	03	67	000	C P 	27	2	25000000
ROKU  		2023	03	03	68	000	C P 	17	0	25000000
ROKU  		2023	03	03	69	000	C P 	8	4	25000000
ROKU  		2023	03	03	70	000	C P 	136	15	25000000
ROKU  		2023	03	03	71	000	C P 	1	0	25000000
ROKU  		2023	03	03	72	000	C P 	3	0	25000000
ROKU  		2023	03	03	73	000	C P 	0	0	25000000
ROKU  		2023	03	03	74	000	C P 	2	0	25000000
ROKU  		2023	03	03	75	000	C P 	55	0	25000000
ROKU  		2023	03	03	76	000	C P 	0	0	25000000
ROKU  		2023	03	03	77	000	C P 	1	0	25000000
ROKU  		2023	03	03	78	000	C P 	1	0	25000000
ROKU  		2023	03	03	80	000	C P 	32	0	25000000
ROKU  		2023	03	03	85	000	C P 	57	5	25000000
ROKU  		2023	03	03	90	000	C P 	40	0	25000000
ROKU  		2023	03	03	95	000	C P 	12	0	25000000
ROKU  		2023	03	03	100	000	C P 	41	0	25000000
ROKU  		2023	03	10	30	000	C P 	0	3	25000000
ROKU  		2023	03	10	35	000	C P 	0	6	25000000
ROKU  		2023	03	10	40	000	C P 	3	10	25000000
ROKU  		2023	03	10	41	000	C P 	0	16	25000000
ROKU  		2023	03	10	42	000	C P 	3	32	25000000
ROKU  		2023	03	10	43	000	C P 	0	7	25000000
ROKU  		2023	03	10	44	000	C P 	0	302	25000000
ROKU  		2023	03	10	45	000	C P 	2	108	25000000
ROKU  		2023	03	10	46	000	C P 	0	283	25000000
ROKU  		2023	03	10	47	000	C P 	0	51	25000000
ROKU  		2023	03	10	48	000	C P 	0	31	25000000
ROKU  		2023	03	10	49	000	C P 	0	15	25000000
ROKU  		2023	03	10	50	000	C P 	10	48	25000000
ROKU  		2023	03	10	51	000	C P 	4	6	25000000
ROKU  		2023	03	10	52	000	C P 	24	82	25000000
ROKU  		2023	03	10	53	000	C P 	17	15	25000000
ROKU  		2023	03	10	54	000	C P 	74	7	25000000
ROKU  		2023	03	10	55	000	C P 	44	21	25000000
ROKU  		2023	03	10	56	000	C P 	39	17	25000000
ROKU  		2023	03	10	57	000	C P 	34	17	25000000
ROKU  		2023	03	10	58	000	C P 	51	7	25000000
ROKU  		2023	03	10	59	000	C P 	11	17	25000000
ROKU  		2023	03	10	60	000	C P 	47	38	25000000
ROKU  		2023	03	10	61	000	C P 	6	9	25000000
ROKU  		2023	03	10	62	000	C P 	13	23	25000000
ROKU  		2023	03	10	63	000	C P 	25	28	25000000
ROKU  		2023	03	10	64	000	C P 	24	44	25000000
ROKU  		2023	03	10	65	000	C P 	68	48	25000000
ROKU  		2023	03	10	66	000	C P 	11	2	25000000
ROKU  		2023	03	10	67	000	C P 	7	1	25000000
ROKU  		2023	03	10	68	000	C P 	12	3	25000000
ROKU  		2023	03	10	69	000	C P 	22	1	25000000
ROKU  		2023	03	10	70	000	C P 	135	18	25000000
ROKU  		2023	03	10	71	000	C P 	0	0	25000000
ROKU  		2023	03	10	72	000	C P 	2	1	25000000
ROKU  		2023	03	10	73	000	C P 	6	0	25000000
ROKU  		2023	03	10	74	000	C P 	0	0	25000000
ROKU  		2023	03	10	75	000	C P 	37	0	25000000
ROKU  		2023	03	10	76	000	C P 	2	0	25000000
ROKU  		2023	03	10	77	000	C P 	0	0	25000000
ROKU  		2023	03	10	78	000	C P 	0	0	25000000
ROKU  		2023	03	10	80	000	C P 	31	0	25000000
ROKU  		2023	03	10	85	000	C P 	21	0	25000000
ROKU  		2023	03	10	90	000	C P 	0	0	25000000
ROKU  		2023	03	10	95	000	C P 	1	0	25000000
ROKU  		2023	03	10	100	000	C P 	0	0	25000000
ROKU  		2023	03	17	20	000	C P 	8	218	25000000
ROKU  		2023	03	17	22	500	C P 	22	515	25000000
ROKU  		2023	03	17	25	000	C P 	20	2670	25000000
ROKU  		2023	03	17	30	000	C P 	12	7620	25000000
ROKU  		2023	03	17	35	000	C P 	192	8034	25000000
ROKU  		2023	03	17	40	000	C P 	312	3056	25000000
ROKU  		2023	03	17	45	000	C P 	468	2986	25000000
ROKU  		2023	03	17	50	000	C P 	1181	2859	25000000
ROKU  		2023	03	17	55	000	C P 	1878	1205	25000000
ROKU  		2023	03	17	60	000	C P 	1544	1547	25000000
ROKU  		2023	03	17	65	000	C P 	2306	405	25000000
ROKU  		2023	03	17	70	000	C P 	1543	339	25000000
ROKU  		2023	03	17	75	000	C P 	1286	147	25000000
ROKU  		2023	03	17	80	000	C P 	921	3	25000000
ROKU  		2023	03	17	85	000	C P 	2125	1	25000000
ROKU  		2023	03	17	90	000	C P 	1093	5	25000000
ROKU  		2023	03	17	95	000	C P 	809	0	25000000
ROKU  		2023	03	17	100	000	C P 	2778	1	25000000
ROKU  		2023	03	17	105	000	C P 	1039	0	25000000
ROKU  		2023	03	17	110	000	C P 	2068	2	25000000
ROKU  		2023	03	24	35	000	C P 	0	0	25000000
ROKU  		2023	03	24	40	000	C P 	0	3	25000000
ROKU  		2023	03	24	45	000	C P 	5	2	25000000
ROKU  		2023	03	24	46	000	C P 	5	12	25000000
ROKU  		2023	03	24	47	000	C P 	0	1	25000000
ROKU  		2023	03	24	48	000	C P 	0	5	25000000
ROKU  		2023	03	24	49	000	C P 	0	1	25000000
ROKU  		2023	03	24	50	000	C P 	10	1	25000000
ROKU  		2023	03	24	51	000	C P 	3	1	25000000
ROKU  		2023	03	24	52	000	C P 	2	0	25000000
ROKU  		2023	03	24	53	000	C P 	0	0	25000000
ROKU  		2023	03	24	54	000	C P 	0	1	25000000
ROKU  		2023	03	24	55	000	C P 	21	2	25000000
ROKU  		2023	03	24	56	000	C P 	2	1	25000000
ROKU  		2023	03	24	57	000	C P 	1	4	25000000
ROKU  		2023	03	24	58	000	C P 	0	0	25000000
ROKU  		2023	03	24	59	000	C P 	1	11	25000000
ROKU  		2023	03	24	60	000	C P 	39	16	25000000
ROKU  		2023	03	24	61	000	C P 	4	1	25000000
ROKU  		2023	03	24	62	000	C P 	1	18	25000000
ROKU  		2023	03	24	63	000	C P 	8	0	25000000
ROKU  		2023	03	24	64	000	C P 	41	0	25000000
ROKU  		2023	03	24	65	000	C P 	20	5	25000000
ROKU  		2023	03	24	66	000	C P 	9	0	25000000
ROKU  		2023	03	24	67	000	C P 	1	0	25000000
ROKU  		2023	03	24	68	000	C P 	13	0	25000000
ROKU  		2023	03	24	69	000	C P 	18	9	25000000
ROKU  		2023	03	24	70	000	C P 	3	0	25000000
ROKU  		2023	03	24	71	000	C P 	2	0	25000000
ROKU  		2023	03	24	72	000	C P 	6	0	25000000
ROKU  		2023	03	24	73	000	C P 	0	0	25000000
ROKU  		2023	03	24	74	000	C P 	0	0	25000000
ROKU  		2023	03	24	75	000	C P 	3	0	25000000
ROKU  		2023	03	24	76	000	C P 	0	0	25000000
ROKU  		2023	03	24	77	000	C P 	0	0	25000000
ROKU  		2023	03	24	78	000	C P 	0	0	25000000
ROKU  		2023	03	24	80	000	C P 	1	0	25000000
ROKU  		2023	03	24	85	000	C P 	0	0	25000000
ROKU  		2023	03	24	90	000	C P 	1	0	25000000
ROKU  		2023	03	24	95	000	C P 	0	0	25000000
ROKU  		2023	03	24	100	000	C P 	1	0	25000000
ROKU  		2023	04	21	20	000	C P 	0	126	25000000
ROKU  		2023	04	21	22	500	C P 	2	388	25000000
ROKU  		2023	04	21	25	000	C P 	18	1136	25000000
ROKU  		2023	04	21	30	000	C P 	17	2433	25000000
ROKU  		2023	04	21	35	000	C P 	28	699	25000000
ROKU  		2023	04	21	40	000	C P 	151	1250	25000000
ROKU  		2023	04	21	45	000	C P 	365	1429	25000000
ROKU  		2023	04	21	50	000	C P 	486	2046	25000000
ROKU  		2023	04	21	55	000	C P 	452	933	25000000
ROKU  		2023	04	21	60	000	C P 	1306	618	25000000
ROKU  		2023	04	21	65	000	C P 	962	503	25000000
ROKU  		2023	04	21	70	000	C P 	993	346	25000000
ROKU  		2023	04	21	75	000	C P 	1002	615	25000000
ROKU  		2023	04	21	80	000	C P 	680	36	25000000
ROKU  		2023	04	21	85	000	C P 	564	0	25000000
ROKU  		2023	04	21	90	000	C P 	244	4	25000000
ROKU  		2023	04	21	95	000	C P 	229	0	25000000
ROKU  		2023	04	21	100	000	C P 	1440	0	25000000
ROKU  		2023	04	21	105	000	C P 	273	0	25000000
ROKU  		2023	04	21	110	000	C P 	254	0	25000000
ROKU  		2023	04	21	115	000	C P 	330	0	25000000
ROKU  		2023	04	21	120	000	C P 	231	0	25000000
ROKU  		2023	04	21	125	000	C P 	459	0	25000000
ROKU  		2023	06	16	20	000	C P 	26	255	25000000
ROKU  		2023	06	16	22	500	C P 	1	2155	25000000
ROKU  		2023	06	16	25	000	C P 	1	1691	25000000
ROKU  		2023	06	16	30	000	C P 	12	3255	25000000
ROKU  		2023	06	16	35	000	C P 	110	2162	25000000
ROKU  		2023	06	16	40	000	C P 	213	3723	25000000
ROKU  		2023	06	16	45	000	C P 	435	8455	25000000
ROKU  		2023	06	16	50	000	C P 	615	9252	25000000
ROKU  		2023	06	16	55	000	C P 	1689	1867	25000000
ROKU  		2023	06	16	60	000	C P 	2272	875	25000000
ROKU  		2023	06	16	65	000	C P 	1104	740	25000000
ROKU  		2023	06	16	70	000	C P 	1712	673	25000000
ROKU  		2023	06	16	75	000	C P 	851	1007	25000000
ROKU  		2023	06	16	80	000	C P 	1313	457	25000000
ROKU  		2023	06	16	85	000	C P 	693	1194	25000000
ROKU  		2023	06	16	90	000	C P 	1312	184	25000000
ROKU  		2023	06	16	95	000	C P 	545	25	25000000
ROKU  		2023	06	16	100	000	C P 	1472	4	25000000
ROKU  		2023	06	16	105	000	C P 	534	34	25000000
ROKU  		2023	06	16	110	000	C P 	1214	5	25000000
ROKU  		2023	06	16	115	000	C P 	729	4	25000000
ROKU  		2023	06	16	120	000	C P 	979	0	25000000
ROKU  		2023	06	16	125	000	C P 	1004	1	25000000
ROKU  		2023	06	16	130	000	C P 	644	0	25000000
ROKU  		2023	06	16	135	000	C P 	829	0	25000000
ROKU  		2023	06	16	140	000	C P 	1599	0	25000000
ROKU  		2023	07	21	20	000	C P 	6	110	25000000
ROKU  		2023	07	21	22	500	C P 	0	125	25000000
ROKU  		2023	07	21	25	000	C P 	1	199	25000000
ROKU  		2023	07	21	30	000	C P 	249	1584	25000000
ROKU  		2023	07	21	35	000	C P 	15	1581	25000000
ROKU  		2023	07	21	40	000	C P 	132	1662	25000000
ROKU  		2023	07	21	45	000	C P 	94	791	25000000
ROKU  		2023	07	21	50	000	C P 	337	624	25000000
ROKU  		2023	07	21	55	000	C P 	157	1339	25000000
ROKU  		2023	07	21	60	000	C P 	151	584	25000000
ROKU  		2023	07	21	65	000	C P 	467	367	25000000
ROKU  		2023	07	21	70	000	C P 	498	71	25000000
ROKU  		2023	07	21	75	000	C P 	389	420	25000000
ROKU  		2023	07	21	80	000	C P 	728	799	25000000
ROKU  		2023	07	21	85	000	C P 	1301	377	25000000
ROKU  		2023	07	21	90	000	C P 	264	95	25000000
ROKU  		2023	07	21	95	000	C P 	108	4	25000000
ROKU  		2023	07	21	100	000	C P 	73	33	25000000
ROKU  		2023	09	15	20	000	C P 	3	6	25000000
ROKU  		2023	09	15	22	500	C P 	0	70	25000000
ROKU  		2023	09	15	25	000	C P 	0	297	25000000
ROKU  		2023	09	15	30	000	C P 	14	71	25000000
ROKU  		2023	09	15	35	000	C P 	35	534	25000000
ROKU  		2023	09	15	40	000	C P 	1808	1284	25000000
ROKU  		2023	09	15	45	000	C P 	17	503	25000000
ROKU  		2023	09	15	50	000	C P 	27	576	25000000
ROKU  		2023	09	15	55	000	C P 	232	193	25000000
ROKU  		2023	09	15	60	000	C P 	3895	151	25000000
ROKU  		2023	09	15	65	000	C P 	875	255	25000000
ROKU  		2023	09	15	70	000	C P 	115	66	25000000
ROKU  		2023	09	15	75	000	C P 	205	61	25000000
ROKU  		2023	09	15	80	000	C P 	384	7	25000000
ROKU  		2023	09	15	85	000	C P 	68	28	25000000
ROKU  		2023	09	15	90	000	C P 	440	10	25000000
ROKU  		2023	09	15	95	000	C P 	17	0	25000000
ROKU  		2023	09	15	100	000	C P 	18	70	25000000
ROKU  		2024	01	19	20	000	C P 	10	84	25000000
ROKU  		2024	01	19	22	500	C P 	1	97	25000000
ROKU  		2024	01	19	25	000	C P 	27	888	25000000
ROKU  		2024	01	19	30	000	C P 	109	2048	25000000
ROKU  		2024	01	19	35	000	C P 	119	1141	25000000
ROKU  		2024	01	19	40	000	C P 	826	1620	25000000
ROKU  		2024	01	19	45	000	C P 	385	2218	25000000
ROKU  		2024	01	19	50	000	C P 	327	608	25000000
ROKU  		2024	01	19	55	000	C P 	198	235	25000000
ROKU  		2024	01	19	60	000	C P 	645	2230	25000000
ROKU  		2024	01	19	65	000	C P 	580	940	25000000
ROKU  		2024	01	19	70	000	C P 	606	278	25000000
ROKU  		2024	01	19	75	000	C P 	281	563	25000000
ROKU  		2024	01	19	80	000	C P 	381	1007	25000000
ROKU  		2024	01	19	85	000	C P 	509	683	25000000
ROKU  		2024	01	19	90	000	C P 	2047	786	25000000
ROKU  		2024	01	19	95	000	C P 	781	341	25000000
ROKU  		2024	01	19	100	000	C P 	1161	347	25000000
ROKU  		2024	01	19	105	000	C P 	255	364	25000000
ROKU  		2024	01	19	110	000	C P 	612	63	25000000
ROKU  		2024	01	19	115	000	C P 	762	284	25000000
ROKU  		2024	01	19	120	000	C P 	2160	5	25000000
ROKU  		2024	01	19	125	000	C P 	301	6	25000000
ROKU  		2024	01	19	130	000	C P 	594	52	25000000
ROKU  		2024	01	19	135	000	C P 	223	0	25000000
ROKU  		2024	01	19	140	000	C P 	386	1	25000000
ROKU  		2024	01	19	145	000	C P 	321	0	25000000
ROKU  		2024	01	19	150	000	C P 	1638	14	25000000
ROKU  		2024	01	19	155	000	C P 	393	2	25000000
ROKU  		2024	01	19	160	000	C P 	264	14	25000000
ROKU  		2024	01	19	165	000	C P 	124	0	25000000
ROKU  		2024	01	19	170	000	C P 	393	0	25000000
ROKU  		2024	01	19	175	000	C P 	372	0	25000000
ROKU  		2024	01	19	180	000	C P 	501	1	25000000
ROKU  		2024	01	19	185	000	C P 	205	8	25000000
ROKU  		2024	01	19	190	000	C P 	1387	5	25000000
ROKU  		2024	01	19	195	000	C P 	188	2	25000000
ROKU  		2024	01	19	200	000	C P 	1657	0	25000000
ROKU  		2024	01	19	205	000	C P 	135	0	25000000
ROKU  		2024	01	19	210	000	C P 	501	0	25000000
ROKU  		2024	01	19	220	000	C P 	851	0	25000000
ROKU  		2024	01	19	230	000	C P 	230	0	25000000
ROKU  		2024	01	19	240	000	C P 	156	0	25000000
ROKU  		2024	01	19	250	000	C P 	672	0	25000000
ROKU  		2024	01	19	260	000	C P 	191	0	25000000
ROKU  		2024	01	19	270	000	C P 	119	0	25000000
ROKU  		2024	01	19	280	000	C P 	149	0	25000000
ROKU  		2024	01	19	290	000	C P 	316	0	25000000
ROKU  		2024	01	19	300	000	C P 	2191	0	25000000
ROKU  		2024	01	19	310	000	C P 	341	0	25000000
ROKU  		2024	01	19	320	000	C P 	315	0	25000000
ROKU  		2024	01	19	330	000	C P 	281	0	25000000
ROKU  		2024	01	19	340	000	C P 	165	0	25000000
ROKU  		2024	01	19	350	000	C P 	205	0	25000000
ROKU  		2024	01	19	360	000	C P 	523	0	25000000
ROKU  		2024	01	19	370	000	C P 	117	0	25000000
ROKU  		2024	01	19	380	000	C P 	143	0	25000000
ROKU  		2024	01	19	390	000	C P 	416	0	25000000
ROKU  		2024	01	19	400	000	C P 	1024	0	25000000
ROKU  		2024	01	19	410	000	C P 	124	0	25000000
ROKU  		2024	01	19	420	000	C P 	272	0	25000000
ROKU  		2024	01	19	430	000	C P 	457	0	25000000
ROKU  		2024	01	19	440	000	C P 	142	0	25000000
ROKU  		2024	01	19	450	000	C P 	294	0	25000000
ROKU  		2024	01	19	460	000	C P 	31	0	25000000
ROKU  		2024	01	19	470	000	C P 	179	0	25000000
ROKU  		2024	01	19	480	000	C P 	45	0	25000000
ROKU  		2024	01	19	490	000	C P 	29	0	25000000
ROKU  		2024	01	19	500	000	C P 	368	0	25000000
ROKU  		2024	01	19	510	000	C P 	143	0	25000000
ROKU  		2024	01	19	520	000	C P 	2802	0	25000000
ROKU  		2024	06	21	20	000	C P 	0	14	25000000
ROKU  		2024	06	21	22	500	C P 	1	3	25000000
ROKU  		2024	06	21	25	000	C P 	1	2	25000000
ROKU  		2024	06	21	30	000	C P 	2	38	25000000
ROKU  		2024	06	21	35	000	C P 	10	412	25000000
ROKU  		2024	06	21	40	000	C P 	20	40	25000000
ROKU  		2024	06	21	45	000	C P 	12	407	25000000
ROKU  		2024	06	21	50	000	C P 	28	66	25000000
ROKU  		2024	06	21	55	000	C P 	20	18	25000000
ROKU  		2024	06	21	60	000	C P 	19	2	25000000
ROKU  		2024	06	21	65	000	C P 	31	17	25000000
ROKU  		2024	06	21	70	000	C P 	34	3	25000000
ROKU  		2024	06	21	75	000	C P 	14	9	25000000
ROKU  		2024	06	21	80	000	C P 	35	70	25000000
ROKU  		2024	06	21	85	000	C P 	11	18	25000000
ROKU  		2024	06	21	90	000	C P 	40	37	25000000
ROKU  		2024	06	21	95	000	C P 	0	0	25000000
ROKU  		2024	06	21	100	000	C P 	1	0	25000000
ROKU  		2025	01	17	20	000	C P 	27	36	25000000
ROKU  		2025	01	17	22	500	C P 	8	29	25000000
ROKU  		2025	01	17	25	000	C P 	26	69	25000000
ROKU  		2025	01	17	30	000	C P 	50	133	25000000
ROKU  		2025	01	17	35	000	C P 	51	256	25000000
ROKU  		2025	01	17	40	000	C P 	130	236	25000000
ROKU  		2025	01	17	45	000	C P 	57	296	25000000
ROKU  		2025	01	17	50	000	C P 	140	564	25000000
ROKU  		2025	01	17	55	000	C P 	218	294	25000000
ROKU  		2025	01	17	60	000	C P 	1878	205	25000000
ROKU  		2025	01	17	65	000	C P 	908	49	25000000
ROKU  		2025	01	17	70	000	C P 	162	33	25000000
ROKU  		2025	01	17	75	000	C P 	176	1040	25000000
ROKU  		2025	01	17	80	000	C P 	112	45	25000000
ROKU  		2025	01	17	85	000	C P 	47	131	25000000
ROKU  		2025	01	17	90	000	C P 	50	23	25000000
ROKU  		2025	01	17	95	000	C P 	67	3	25000000
ROKU  		2025	01	17	100	000	C P 	226	41	25000000
ROKU  		2025	01	17	105	000	C P 	472	14	25000000
ROKU  		2025	01	17	110	000	C P 	872	89	25000000
