Series Search Results for ROKU

Products for this option symbol are traded on: 
AMEX ARCA BATS BOX C2 CBOE EDGX EMLD GEM ISE MCRY MIAX MPRL NOBO NSDQ PHLX 

		Series/contract		Strike			Open Interest			
ProductSymbol	year	Month	Day	Integer	Dec	C/P	Call	Put	Position Limit	
ROKU  		2023	02	10	25	000	C P 	0	360	25000000
ROKU  		2023	02	10	29	000	C P 	1	28	25000000
ROKU  		2023	02	10	30	000	C P 	1	603	25000000
ROKU  		2023	02	10	31	000	C P 	1	79	25000000
ROKU  		2023	02	10	32	000	C P 	0	1219	25000000
ROKU  		2023	02	10	33	000	C P 	1	762	25000000
ROKU  		2023	02	10	34	000	C P 	7	54	25000000
ROKU  		2023	02	10	35	000	C P 	4	118	25000000
ROKU  		2023	02	10	36	000	C P 	1	56	25000000
ROKU  		2023	02	10	37	000	C P 	1	175	25000000
ROKU  		2023	02	10	38	000	C P 	1	554	25000000
ROKU  		2023	02	10	38	500	C P 	2	240	25000000
ROKU  		2023	02	10	39	000	C P 	0	284	25000000
ROKU  		2023	02	10	39	500	C P 	6	0	25000000
ROKU  		2023	02	10	40	000	C P 	2011	2187	25000000
ROKU  		2023	02	10	40	500	C P 	6	3	25000000
ROKU  		2023	02	10	41	000	C P 	19	145	25000000
ROKU  		2023	02	10	41	500	C P 	0	8	25000000
ROKU  		2023	02	10	42	000	C P 	12	309	25000000
ROKU  		2023	02	10	42	500	C P 	1	9	25000000
ROKU  		2023	02	10	43	000	C P 	43	156	25000000
ROKU  		2023	02	10	43	500	C P 	4	12	25000000
ROKU  		2023	02	10	44	000	C P 	106	917	25000000
ROKU  		2023	02	10	44	500	C P 	3	1	25000000
ROKU  		2023	02	10	45	000	C P 	104	447	25000000
ROKU  		2023	02	10	45	500	C P 	18	45	25000000
ROKU  		2023	02	10	46	000	C P 	491	249	25000000
ROKU  		2023	02	10	46	500	C P 	17	547	25000000
ROKU  		2023	02	10	47	000	C P 	78	1023	25000000
ROKU  		2023	02	10	47	500	C P 	18	577	25000000
ROKU  		2023	02	10	48	000	C P 	101	530	25000000
ROKU  		2023	02	10	48	500	C P 	16	230	25000000
ROKU  		2023	02	10	49	000	C P 	107	198	25000000
ROKU  		2023	02	10	49	500	C P 	57	94	25000000
ROKU  		2023	02	10	50	000	C P 	207	627	25000000
ROKU  		2023	02	10	51	000	C P 	164	1388	25000000
ROKU  		2023	02	10	52	000	C P 	430	466	25000000
ROKU  		2023	02	10	53	000	C P 	375	788	25000000
ROKU  		2023	02	10	54	000	C P 	480	949	25000000
ROKU  		2023	02	10	55	000	C P 	464	870	25000000
ROKU  		2023	02	10	56	000	C P 	578	1303	25000000
ROKU  		2023	02	10	57	000	C P 	951	1314	25000000
ROKU  		2023	02	10	58	000	C P 	1047	1145	25000000
ROKU  		2023	02	10	59	000	C P 	1159	1362	25000000
ROKU  		2023	02	10	60	000	C P 	1528	834	25000000
ROKU  		2023	02	10	61	000	C P 	1207	600	25000000
ROKU  		2023	02	10	62	000	C P 	1174	378	25000000
ROKU  		2023	02	10	63	000	C P 	1436	719	25000000
ROKU  		2023	02	10	64	000	C P 	835	377	25000000
ROKU  		2023	02	10	65	000	C P 	3429	192	25000000
ROKU  		2023	02	10	66	000	C P 	2265	624	25000000
ROKU  		2023	02	10	67	000	C P 	1029	77	25000000
ROKU  		2023	02	10	68	000	C P 	555	95	25000000
ROKU  		2023	02	10	69	000	C P 	764	2	25000000
ROKU  		2023	02	10	70	000	C P 	2455	26	25000000
ROKU  		2023	02	10	71	000	C P 	530	0	25000000
ROKU  		2023	02	10	72	000	C P 	3555	11	25000000
ROKU  		2023	02	10	73	000	C P 	295	0	25000000
ROKU  		2023	02	10	74	000	C P 	86	0	25000000
ROKU  		2023	02	10	75	000	C P 	1331	5	25000000
ROKU  		2023	02	10	76	000	C P 	134	5	25000000
ROKU  		2023	02	10	77	000	C P 	70	2	25000000
ROKU  		2023	02	10	78	000	C P 	201	0	25000000
ROKU  		2023	02	10	79	000	C P 	110	1	25000000
ROKU  		2023	02	10	80	000	C P 	647	0	25000000
ROKU  		2023	02	10	81	000	C P 	36	0	25000000
ROKU  		2023	02	10	82	000	C P 	42	0	25000000
ROKU  		2023	02	10	83	000	C P 	47	0	25000000
ROKU  		2023	02	10	84	000	C P 	174	0	25000000
ROKU  		2023	02	10	85	000	C P 	90	0	25000000
ROKU  		2023	02	10	86	000	C P 	242	0	25000000
ROKU  		2023	02	10	87	000	C P 	109	0	25000000
ROKU  		2023	02	10	90	000	C P 	20	0	25000000
ROKU  		2023	02	10	95	000	C P 	23	0	25000000
ROKU  		2023	02	10	100	000	C P 	0	0	25000000
ROKU  		2023	02	17	20	000	C P 	1	364	25000000
ROKU  		2023	02	17	22	500	C P 	20	428	25000000
ROKU  		2023	02	17	25	000	C P 	17	2715	25000000
ROKU  		2023	02	17	30	000	C P 	94	5211	25000000
ROKU  		2023	02	17	35	000	C P 	85	5777	25000000
ROKU  		2023	02	17	40	000	C P 	757	2759	25000000
ROKU  		2023	02	17	42	000	C P 	18	352	25000000
ROKU  		2023	02	17	43	000	C P 	5	745	25000000
ROKU  		2023	02	17	44	000	C P 	13	181	25000000
ROKU  		2023	02	17	45	000	C P 	1297	4216	25000000
ROKU  		2023	02	17	45	500	C P 	41	202	25000000
ROKU  		2023	02	17	46	000	C P 	60	338	25000000
ROKU  		2023	02	17	46	500	C P 	33	237	25000000
ROKU  		2023	02	17	47	000	C P 	71	705	25000000
ROKU  		2023	02	17	47	500	C P 	41	596	25000000
ROKU  		2023	02	17	48	000	C P 	32	1572	25000000
ROKU  		2023	02	17	48	500	C P 	17	282	25000000
ROKU  		2023	02	17	49	000	C P 	162	457	25000000
ROKU  		2023	02	17	49	500	C P 	149	458	25000000
ROKU  		2023	02	17	50	000	C P 	2154	3647	25000000
ROKU  		2023	02	17	51	000	C P 	262	1483	25000000
ROKU  		2023	02	17	52	000	C P 	97	964	25000000
ROKU  		2023	02	17	53	000	C P 	113	445	25000000
ROKU  		2023	02	17	54	000	C P 	301	817	25000000
ROKU  		2023	02	17	55	000	C P 	2493	1953	25000000
ROKU  		2023	02	17	56	000	C P 	368	441	25000000
ROKU  		2023	02	17	57	000	C P 	826	197	25000000
ROKU  		2023	02	17	58	000	C P 	408	391	25000000
ROKU  		2023	02	17	59	000	C P 	572	221	25000000
ROKU  		2023	02	17	60	000	C P 	2919	1136	25000000
ROKU  		2023	02	17	61	000	C P 	1663	218	25000000
ROKU  		2023	02	17	62	000	C P 	375	225	25000000
ROKU  		2023	02	17	63	000	C P 	587	151	25000000
ROKU  		2023	02	17	64	000	C P 	444	288	25000000
ROKU  		2023	02	17	65	000	C P 	5036	1108	25000000
ROKU  		2023	02	17	66	000	C P 	458	178	25000000
ROKU  		2023	02	17	67	000	C P 	876	532	25000000
ROKU  		2023	02	17	68	000	C P 	324	278	25000000
ROKU  		2023	02	17	69	000	C P 	298	248	25000000
ROKU  		2023	02	17	70	000	C P 	1820	300	25000000
ROKU  		2023	02	17	71	000	C P 	179	82	25000000
ROKU  		2023	02	17	72	000	C P 	716	98	25000000
ROKU  		2023	02	17	73	000	C P 	185	87	25000000
ROKU  		2023	02	17	74	000	C P 	521	147	25000000
ROKU  		2023	02	17	75	000	C P 	1636	163	25000000
ROKU  		2023	02	17	76	000	C P 	222	22	25000000
ROKU  		2023	02	17	77	000	C P 	165	46	25000000
ROKU  		2023	02	17	78	000	C P 	186	37	25000000
ROKU  		2023	02	17	79	000	C P 	88	27	25000000
ROKU  		2023	02	17	80	000	C P 	678	21	25000000
ROKU  		2023	02	17	81	000	C P 	153	37	25000000
ROKU  		2023	02	17	82	000	C P 	672	27	25000000
ROKU  		2023	02	17	83	000	C P 	100	20	25000000
ROKU  		2023	02	17	84	000	C P 	69	9	25000000
ROKU  		2023	02	17	85	000	C P 	3609	61	25000000
ROKU  		2023	02	17	86	000	C P 	23	21	25000000
ROKU  		2023	02	17	87	000	C P 	188	34	25000000
ROKU  		2023	02	17	90	000	C P 	3284	23	25000000
ROKU  		2023	02	17	95	000	C P 	107	4	25000000
ROKU  		2023	02	17	100	000	C P 	505	0	25000000
ROKU  		2023	02	24	25	000	C P 	4	2503	25000000
ROKU  		2023	02	24	30	000	C P 	1	178	25000000
ROKU  		2023	02	24	32	000	C P 	0	89	25000000
ROKU  		2023	02	24	33	000	C P 	0	32	25000000
ROKU  		2023	02	24	34	000	C P 	10	246	25000000
ROKU  		2023	02	24	35	000	C P 	5	486	25000000
ROKU  		2023	02	24	36	000	C P 	1	195	25000000
ROKU  		2023	02	24	37	000	C P 	0	63	25000000
ROKU  		2023	02	24	38	000	C P 	0	100	25000000
ROKU  		2023	02	24	39	000	C P 	0	186	25000000
ROKU  		2023	02	24	40	000	C P 	20	270	25000000
ROKU  		2023	02	24	41	000	C P 	18	91	25000000
ROKU  		2023	02	24	42	000	C P 	155	55	25000000
ROKU  		2023	02	24	43	000	C P 	12	119	25000000
ROKU  		2023	02	24	44	000	C P 	40	119	25000000
ROKU  		2023	02	24	45	000	C P 	100	194	25000000
ROKU  		2023	02	24	46	000	C P 	71	81	25000000
ROKU  		2023	02	24	47	000	C P 	28	53	25000000
ROKU  		2023	02	24	48	000	C P 	446	72	25000000
ROKU  		2023	02	24	49	000	C P 	22	87	25000000
ROKU  		2023	02	24	50	000	C P 	126	250	25000000
ROKU  		2023	02	24	51	000	C P 	194	147	25000000
ROKU  		2023	02	24	52	000	C P 	416	165	25000000
ROKU  		2023	02	24	53	000	C P 	127	77	25000000
ROKU  		2023	02	24	54	000	C P 	87	116	25000000
ROKU  		2023	02	24	55	000	C P 	270	224	25000000
ROKU  		2023	02	24	56	000	C P 	73	85	25000000
ROKU  		2023	02	24	57	000	C P 	58	51	25000000
ROKU  		2023	02	24	58	000	C P 	96	49	25000000
ROKU  		2023	02	24	59	000	C P 	21	89	25000000
ROKU  		2023	02	24	60	000	C P 	754	100	25000000
ROKU  		2023	02	24	61	000	C P 	67	47	25000000
ROKU  		2023	02	24	62	000	C P 	165	61	25000000
ROKU  		2023	02	24	63	000	C P 	52	66	25000000
ROKU  		2023	02	24	64	000	C P 	365	115	25000000
ROKU  		2023	02	24	65	000	C P 	360	153	25000000
ROKU  		2023	02	24	66	000	C P 	136	62	25000000
ROKU  		2023	02	24	67	000	C P 	108	69	25000000
ROKU  		2023	02	24	68	000	C P 	90	61	25000000
ROKU  		2023	02	24	69	000	C P 	65	19	25000000
ROKU  		2023	02	24	70	000	C P 	669	19	25000000
ROKU  		2023	02	24	71	000	C P 	41	19	25000000
ROKU  		2023	02	24	72	000	C P 	37	18	25000000
ROKU  		2023	02	24	73	000	C P 	65	16	25000000
ROKU  		2023	02	24	74	000	C P 	31	12	25000000
ROKU  		2023	02	24	75	000	C P 	182	4	25000000
ROKU  		2023	02	24	76	000	C P 	35	17	25000000
ROKU  		2023	02	24	77	000	C P 	57	5	25000000
ROKU  		2023	02	24	78	000	C P 	24	5	25000000
ROKU  		2023	02	24	79	000	C P 	53	2	25000000
ROKU  		2023	02	24	80	000	C P 	109	7	25000000
ROKU  		2023	02	24	81	000	C P 	66	0	25000000
ROKU  		2023	02	24	82	000	C P 	36	22	25000000
ROKU  		2023	02	24	83	000	C P 	18	0	25000000
ROKU  		2023	02	24	84	000	C P 	37	1	25000000
ROKU  		2023	02	24	85	000	C P 	73	4	25000000
ROKU  		2023	02	24	86	000	C P 	91	1	25000000
ROKU  		2023	02	24	87	000	C P 	215	0	25000000
ROKU  		2023	02	24	90	000	C P 	145	6	25000000
ROKU  		2023	02	24	95	000	C P 	93	4	25000000
ROKU  		2023	02	24	100	000	C P 	134	0	25000000
ROKU  		2023	03	03	25	000	C P 	0	743	25000000
ROKU  		2023	03	03	30	000	C P 	0	113	25000000
ROKU  		2023	03	03	35	000	C P 	0	185	25000000
ROKU  		2023	03	03	38	000	C P 	1	258	25000000
ROKU  		2023	03	03	39	000	C P 	0	36	25000000
ROKU  		2023	03	03	40	000	C P 	3	117	25000000
ROKU  		2023	03	03	41	000	C P 	0	30	25000000
ROKU  		2023	03	03	42	000	C P 	0	17	25000000
ROKU  		2023	03	03	43	000	C P 	0	76	25000000
ROKU  		2023	03	03	44	000	C P 	0	73	25000000
ROKU  		2023	03	03	45	000	C P 	10	224	25000000
ROKU  		2023	03	03	46	000	C P 	2	94	25000000
ROKU  		2023	03	03	47	000	C P 	17	129	25000000
ROKU  		2023	03	03	48	000	C P 	33	74	25000000
ROKU  		2023	03	03	49	000	C P 	28	62	25000000
ROKU  		2023	03	03	50	000	C P 	36	86	25000000
ROKU  		2023	03	03	51	000	C P 	25	54	25000000
ROKU  		2023	03	03	52	000	C P 	52	39	25000000
ROKU  		2023	03	03	53	000	C P 	22	28	25000000
ROKU  		2023	03	03	54	000	C P 	37	119	25000000
ROKU  		2023	03	03	55	000	C P 	69	103	25000000
ROKU  		2023	03	03	56	000	C P 	72	53	25000000
ROKU  		2023	03	03	57	000	C P 	57	125	25000000
ROKU  		2023	03	03	58	000	C P 	63	16	25000000
ROKU  		2023	03	03	59	000	C P 	32	6	25000000
ROKU  		2023	03	03	60	000	C P 	67	48	25000000
ROKU  		2023	03	03	61	000	C P 	63	12	25000000
ROKU  		2023	03	03	62	000	C P 	45	30	25000000
ROKU  		2023	03	03	63	000	C P 	54	11	25000000
ROKU  		2023	03	03	64	000	C P 	54	60	25000000
ROKU  		2023	03	03	65	000	C P 	267	48	25000000
ROKU  		2023	03	03	66	000	C P 	55	12	25000000
ROKU  		2023	03	03	67	000	C P 	39	3	25000000
ROKU  		2023	03	03	68	000	C P 	25	2	25000000
ROKU  		2023	03	03	69	000	C P 	13	4	25000000
ROKU  		2023	03	03	70	000	C P 	144	20	25000000
ROKU  		2023	03	03	71	000	C P 	6	4	25000000
ROKU  		2023	03	03	72	000	C P 	5	6	25000000
ROKU  		2023	03	03	73	000	C P 	2	11	25000000
ROKU  		2023	03	03	74	000	C P 	9	0	25000000
ROKU  		2023	03	03	75	000	C P 	60	17	25000000
ROKU  		2023	03	03	76	000	C P 	2	1	25000000
ROKU  		2023	03	03	77	000	C P 	15	4	25000000
ROKU  		2023	03	03	78	000	C P 	12	0	25000000
ROKU  		2023	03	03	80	000	C P 	32	0	25000000
ROKU  		2023	03	03	85	000	C P 	87	5	25000000
ROKU  		2023	03	03	90	000	C P 	87	0	25000000
ROKU  		2023	03	03	95	000	C P 	56	0	25000000
ROKU  		2023	03	03	100	000	C P 	233	0	25000000
ROKU  		2023	03	10	30	000	C P 	0	2551	25000000
ROKU  		2023	03	10	35	000	C P 	0	8	25000000
ROKU  		2023	03	10	40	000	C P 	3	18	25000000
ROKU  		2023	03	10	41	000	C P 	0	18	25000000
ROKU  		2023	03	10	42	000	C P 	3	37	25000000
ROKU  		2023	03	10	43	000	C P 	1	17	25000000
ROKU  		2023	03	10	44	000	C P 	0	308	25000000
ROKU  		2023	03	10	45	000	C P 	2	133	25000000
ROKU  		2023	03	10	46	000	C P 	0	290	25000000
ROKU  		2023	03	10	47	000	C P 	1	73	25000000
ROKU  		2023	03	10	48	000	C P 	34	32	25000000
ROKU  		2023	03	10	49	000	C P 	0	18	25000000
ROKU  		2023	03	10	50	000	C P 	11	68	25000000
ROKU  		2023	03	10	51	000	C P 	4	8	25000000
ROKU  		2023	03	10	52	000	C P 	24	86	25000000
ROKU  		2023	03	10	53	000	C P 	17	20	25000000
ROKU  		2023	03	10	54	000	C P 	74	13	25000000
ROKU  		2023	03	10	55	000	C P 	46	27	25000000
ROKU  		2023	03	10	56	000	C P 	39	19	25000000
ROKU  		2023	03	10	57	000	C P 	34	19	25000000
ROKU  		2023	03	10	58	000	C P 	51	9	25000000
ROKU  		2023	03	10	59	000	C P 	11	23	25000000
ROKU  		2023	03	10	60	000	C P 	50	42	25000000
ROKU  		2023	03	10	61	000	C P 	14	21	25000000
ROKU  		2023	03	10	62	000	C P 	24	40	25000000
ROKU  		2023	03	10	63	000	C P 	80	28	25000000
ROKU  		2023	03	10	64	000	C P 	26	39	25000000
ROKU  		2023	03	10	65	000	C P 	77	45	25000000
ROKU  		2023	03	10	66	000	C P 	9	2	25000000
ROKU  		2023	03	10	67	000	C P 	18	1	25000000
ROKU  		2023	03	10	68	000	C P 	21	3	25000000
ROKU  		2023	03	10	69	000	C P 	24	1	25000000
ROKU  		2023	03	10	70	000	C P 	143	35	25000000
ROKU  		2023	03	10	71	000	C P 	2	0	25000000
ROKU  		2023	03	10	72	000	C P 	3	1	25000000
ROKU  		2023	03	10	73	000	C P 	9	0	25000000
ROKU  		2023	03	10	74	000	C P 	1	0	25000000
ROKU  		2023	03	10	75	000	C P 	51	0	25000000
ROKU  		2023	03	10	76	000	C P 	4	0	25000000
ROKU  		2023	03	10	77	000	C P 	2	0	25000000
ROKU  		2023	03	10	78	000	C P 	11	0	25000000
ROKU  		2023	03	10	80	000	C P 	36	0	25000000
ROKU  		2023	03	10	85	000	C P 	27	0	25000000
ROKU  		2023	03	10	90	000	C P 	2	0	25000000
ROKU  		2023	03	10	95	000	C P 	35	0	25000000
ROKU  		2023	03	10	100	000	C P 	2	0	25000000
ROKU  		2023	03	17	20	000	C P 	9	218	25000000
ROKU  		2023	03	17	22	500	C P 	22	519	25000000
ROKU  		2023	03	17	25	000	C P 	20	2912	25000000
ROKU  		2023	03	17	30	000	C P 	12	7648	25000000
ROKU  		2023	03	17	35	000	C P 	192	8003	25000000
ROKU  		2023	03	17	40	000	C P 	314	2944	25000000
ROKU  		2023	03	17	45	000	C P 	463	3088	25000000
ROKU  		2023	03	17	50	000	C P 	1181	2856	25000000
ROKU  		2023	03	17	55	000	C P 	1858	1277	25000000
ROKU  		2023	03	17	60	000	C P 	1543	1511	25000000
ROKU  		2023	03	17	65	000	C P 	2236	435	25000000
ROKU  		2023	03	17	70	000	C P 	1571	343	25000000
ROKU  		2023	03	17	75	000	C P 	1286	127	25000000
ROKU  		2023	03	17	80	000	C P 	802	6	25000000
ROKU  		2023	03	17	85	000	C P 	2340	5	25000000
ROKU  		2023	03	17	90	000	C P 	1040	11	25000000
ROKU  		2023	03	17	95	000	C P 	798	4	25000000
ROKU  		2023	03	17	100	000	C P 	2739	0	25000000
ROKU  		2023	03	17	105	000	C P 	968	1	25000000
ROKU  		2023	03	17	110	000	C P 	2033	0	25000000
ROKU  		2023	03	24	35	000	C P 	0	5	25000000
ROKU  		2023	03	24	40	000	C P 	0	125	25000000
ROKU  		2023	03	24	45	000	C P 	5	45	25000000
ROKU  		2023	03	24	46	000	C P 	6	13	25000000
ROKU  		2023	03	24	47	000	C P 	0	34	25000000
ROKU  		2023	03	24	48	000	C P 	0	12	25000000
ROKU  		2023	03	24	49	000	C P 	0	4	25000000
ROKU  		2023	03	24	50	000	C P 	10	42	25000000
ROKU  		2023	03	24	51	000	C P 	10	4	25000000
ROKU  		2023	03	24	52	000	C P 	5	6	25000000
ROKU  		2023	03	24	53	000	C P 	1	5	25000000
ROKU  		2023	03	24	54	000	C P 	0	20	25000000
ROKU  		2023	03	24	55	000	C P 	31	196	25000000
ROKU  		2023	03	24	56	000	C P 	8	6	25000000
ROKU  		2023	03	24	57	000	C P 	3	4	25000000
ROKU  		2023	03	24	58	000	C P 	0	2	25000000
ROKU  		2023	03	24	59	000	C P 	4	20	25000000
ROKU  		2023	03	24	60	000	C P 	46	38	25000000
ROKU  		2023	03	24	61	000	C P 	16	4	25000000
ROKU  		2023	03	24	62	000	C P 	7	26	25000000
ROKU  		2023	03	24	63	000	C P 	9	1	25000000
ROKU  		2023	03	24	64	000	C P 	24	0	25000000
ROKU  		2023	03	24	65	000	C P 	33	5	25000000
ROKU  		2023	03	24	66	000	C P 	10	1	25000000
ROKU  		2023	03	24	67	000	C P 	4	2	25000000
ROKU  		2023	03	24	68	000	C P 	13	0	25000000
ROKU  		2023	03	24	69	000	C P 	19	0	25000000
ROKU  		2023	03	24	70	000	C P 	10	3	25000000
ROKU  		2023	03	24	71	000	C P 	3	0	25000000
ROKU  		2023	03	24	72	000	C P 	27	0	25000000
ROKU  		2023	03	24	73	000	C P 	22	0	25000000
ROKU  		2023	03	24	74	000	C P 	4	8	25000000
ROKU  		2023	03	24	75	000	C P 	10	0	25000000
ROKU  		2023	03	24	76	000	C P 	2	0	25000000
ROKU  		2023	03	24	77	000	C P 	1	0	25000000
ROKU  		2023	03	24	78	000	C P 	2	0	25000000
ROKU  		2023	03	24	80	000	C P 	4	0	25000000
ROKU  		2023	03	24	85	000	C P 	6	0	25000000
ROKU  		2023	03	24	90	000	C P 	1	0	25000000
ROKU  		2023	03	24	95	000	C P 	42	0	25000000
ROKU  		2023	03	24	100	000	C P 	16	0	25000000
ROKU  		2023	03	31	47	000	C P 	0	20	25000000
ROKU  		2023	03	31	48	000	C P 	0	1	25000000
ROKU  		2023	03	31	49	000	C P 	0	2	25000000
ROKU  		2023	03	31	50	000	C P 	0	0	25000000
ROKU  		2023	03	31	51	000	C P 	1	0	25000000
ROKU  		2023	03	31	52	000	C P 	0	20	25000000
ROKU  		2023	03	31	53	000	C P 	10	2	25000000
ROKU  		2023	03	31	54	000	C P 	0	0	25000000
ROKU  		2023	03	31	55	000	C P 	0	0	25000000
ROKU  		2023	03	31	56	000	C P 	1	20	25000000
ROKU  		2023	03	31	57	000	C P 	0	0	25000000
ROKU  		2023	03	31	58	000	C P 	12	20	25000000
ROKU  		2023	03	31	59	000	C P 	2	0	25000000
ROKU  		2023	03	31	60	000	C P 	0	0	25000000
ROKU  		2023	03	31	61	000	C P 	0	0	25000000
ROKU  		2023	03	31	62	000	C P 	0	0	25000000
ROKU  		2023	03	31	63	000	C P 	0	0	25000000
ROKU  		2023	03	31	64	000	C P 	0	20	25000000
ROKU  		2023	03	31	65	000	C P 	0	0	25000000
ROKU  		2023	03	31	66	000	C P 	0	1	25000000
ROKU  		2023	03	31	67	000	C P 	0	1	25000000
ROKU  		2023	03	31	68	000	C P 	0	0	25000000
ROKU  		2023	03	31	69	000	C P 	0	0	25000000
ROKU  		2023	03	31	70	000	C P 	0	1	25000000
ROKU  		2023	03	31	71	000	C P 	0	0	25000000
ROKU  		2023	04	21	20	000	C P 	0	126	25000000
ROKU  		2023	04	21	22	500	C P 	2	388	25000000
ROKU  		2023	04	21	25	000	C P 	18	1136	25000000
ROKU  		2023	04	21	30	000	C P 	18	2434	25000000
ROKU  		2023	04	21	35	000	C P 	28	696	25000000
ROKU  		2023	04	21	40	000	C P 	150	1249	25000000
ROKU  		2023	04	21	45	000	C P 	366	1495	25000000
ROKU  		2023	04	21	50	000	C P 	487	2071	25000000
ROKU  		2023	04	21	55	000	C P 	467	1149	25000000
ROKU  		2023	04	21	60	000	C P 	1331	797	25000000
ROKU  		2023	04	21	65	000	C P 	1122	651	25000000
ROKU  		2023	04	21	70	000	C P 	1105	343	25000000
ROKU  		2023	04	21	75	000	C P 	1007	615	25000000
ROKU  		2023	04	21	80	000	C P 	820	48	25000000
ROKU  		2023	04	21	85	000	C P 	627	22	25000000
ROKU  		2023	04	21	90	000	C P 	239	20	25000000
ROKU  		2023	04	21	95	000	C P 	222	2	25000000
ROKU  		2023	04	21	100	000	C P 	1462	3	25000000
ROKU  		2023	04	21	105	000	C P 	280	0	25000000
ROKU  		2023	04	21	110	000	C P 	259	0	25000000
ROKU  		2023	04	21	115	000	C P 	316	0	25000000
ROKU  		2023	04	21	120	000	C P 	388	0	25000000
ROKU  		2023	04	21	125	000	C P 	487	0	25000000
ROKU  		2023	06	16	20	000	C P 	26	256	25000000
ROKU  		2023	06	16	22	500	C P 	1	2155	25000000
ROKU  		2023	06	16	25	000	C P 	1	1691	25000000
ROKU  		2023	06	16	30	000	C P 	12	3247	25000000
ROKU  		2023	06	16	35	000	C P 	110	2149	25000000
ROKU  		2023	06	16	40	000	C P 	213	3630	25000000
ROKU  		2023	06	16	45	000	C P 	435	8409	25000000
ROKU  		2023	06	16	50	000	C P 	609	9229	25000000
ROKU  		2023	06	16	55	000	C P 	1684	1909	25000000
ROKU  		2023	06	16	60	000	C P 	2339	910	25000000
ROKU  		2023	06	16	65	000	C P 	1167	728	25000000
ROKU  		2023	06	16	70	000	C P 	1694	661	25000000
ROKU  		2023	06	16	75	000	C P 	852	1008	25000000
ROKU  		2023	06	16	80	000	C P 	1384	457	25000000
ROKU  		2023	06	16	85	000	C P 	740	1196	25000000
ROKU  		2023	06	16	90	000	C P 	1312	192	25000000
ROKU  		2023	06	16	95	000	C P 	538	41	25000000
ROKU  		2023	06	16	100	000	C P 	1506	31	25000000
ROKU  		2023	06	16	105	000	C P 	548	69	25000000
ROKU  		2023	06	16	110	000	C P 	1227	22	25000000
ROKU  		2023	06	16	115	000	C P 	726	4	25000000
ROKU  		2023	06	16	120	000	C P 	930	0	25000000
ROKU  		2023	06	16	125	000	C P 	996	1	25000000
ROKU  		2023	06	16	130	000	C P 	636	0	25000000
ROKU  		2023	06	16	135	000	C P 	828	0	25000000
ROKU  		2023	06	16	140	000	C P 	1584	0	25000000
ROKU  		2023	07	21	20	000	C P 	6	161	25000000
ROKU  		2023	07	21	22	500	C P 	0	124	25000000
ROKU  		2023	07	21	25	000	C P 	1	203	25000000
ROKU  		2023	07	21	30	000	C P 	249	1712	25000000
ROKU  		2023	07	21	35	000	C P 	15	1599	25000000
ROKU  		2023	07	21	40	000	C P 	132	1666	25000000
ROKU  		2023	07	21	45	000	C P 	93	791	25000000
ROKU  		2023	07	21	50	000	C P 	336	654	25000000
ROKU  		2023	07	21	55	000	C P 	157	1332	25000000
ROKU  		2023	07	21	60	000	C P 	150	551	25000000
ROKU  		2023	07	21	65	000	C P 	535	383	25000000
ROKU  		2023	07	21	70	000	C P 	507	90	25000000
ROKU  		2023	07	21	75	000	C P 	424	420	25000000
ROKU  		2023	07	21	80	000	C P 	786	805	25000000
ROKU  		2023	07	21	85	000	C P 	1334	385	25000000
ROKU  		2023	07	21	90	000	C P 	300	98	25000000
ROKU  		2023	07	21	95	000	C P 	183	18	25000000
ROKU  		2023	07	21	100	000	C P 	148	76	25000000
ROKU  		2023	09	15	20	000	C P 	3	6	25000000
ROKU  		2023	09	15	22	500	C P 	0	70	25000000
ROKU  		2023	09	15	25	000	C P 	0	299	25000000
ROKU  		2023	09	15	30	000	C P 	15	80	25000000
ROKU  		2023	09	15	35	000	C P 	35	1382	25000000
ROKU  		2023	09	15	40	000	C P 	1809	1288	25000000
ROKU  		2023	09	15	45	000	C P 	18	1020	25000000
ROKU  		2023	09	15	50	000	C P 	25	617	25000000
ROKU  		2023	09	15	55	000	C P 	242	194	25000000
ROKU  		2023	09	15	60	000	C P 	3896	156	25000000
ROKU  		2023	09	15	65	000	C P 	920	255	25000000
ROKU  		2023	09	15	70	000	C P 	135	71	25000000
ROKU  		2023	09	15	75	000	C P 	227	62	25000000
ROKU  		2023	09	15	80	000	C P 	397	7	25000000
ROKU  		2023	09	15	85	000	C P 	70	28	25000000
ROKU  		2023	09	15	90	000	C P 	440	11	25000000
ROKU  		2023	09	15	95	000	C P 	29	0	25000000
ROKU  		2023	09	15	100	000	C P 	108	72	25000000
ROKU  		2024	01	19	20	000	C P 	19	84	25000000
ROKU  		2024	01	19	22	500	C P 	8	97	25000000
ROKU  		2024	01	19	25	000	C P 	27	932	25000000
ROKU  		2024	01	19	30	000	C P 	110	2009	25000000
ROKU  		2024	01	19	35	000	C P 	119	1142	25000000
ROKU  		2024	01	19	40	000	C P 	832	1625	25000000
ROKU  		2024	01	19	45	000	C P 	387	2213	25000000
ROKU  		2024	01	19	50	000	C P 	322	623	25000000
ROKU  		2024	01	19	55	000	C P 	201	235	25000000
ROKU  		2024	01	19	60	000	C P 	641	2149	25000000
ROKU  		2024	01	19	65	000	C P 	570	940	25000000
ROKU  		2024	01	19	70	000	C P 	607	277	25000000
ROKU  		2024	01	19	75	000	C P 	296	564	25000000
ROKU  		2024	01	19	80	000	C P 	387	1005	25000000
ROKU  		2024	01	19	85	000	C P 	510	684	25000000
ROKU  		2024	01	19	90	000	C P 	2056	801	25000000
ROKU  		2024	01	19	95	000	C P 	780	341	25000000
ROKU  		2024	01	19	100	000	C P 	1218	347	25000000
ROKU  		2024	01	19	105	000	C P 	262	364	25000000
ROKU  		2024	01	19	110	000	C P 	621	76	25000000
ROKU  		2024	01	19	115	000	C P 	762	348	25000000
ROKU  		2024	01	19	120	000	C P 	2135	11	25000000
ROKU  		2024	01	19	125	000	C P 	288	19	25000000
ROKU  		2024	01	19	130	000	C P 	602	73	25000000
ROKU  		2024	01	19	135	000	C P 	223	6	25000000
ROKU  		2024	01	19	140	000	C P 	385	1	25000000
ROKU  		2024	01	19	145	000	C P 	321	0	25000000
ROKU  		2024	01	19	150	000	C P 	1645	14	25000000
ROKU  		2024	01	19	155	000	C P 	395	2	25000000
ROKU  		2024	01	19	160	000	C P 	266	14	25000000
ROKU  		2024	01	19	165	000	C P 	124	0	25000000
ROKU  		2024	01	19	170	000	C P 	393	0	25000000
ROKU  		2024	01	19	175	000	C P 	372	0	25000000
ROKU  		2024	01	19	180	000	C P 	501	1	25000000
ROKU  		2024	01	19	185	000	C P 	198	8	25000000
ROKU  		2024	01	19	190	000	C P 	1427	5	25000000
ROKU  		2024	01	19	195	000	C P 	188	2	25000000
ROKU  		2024	01	19	200	000	C P 	1656	0	25000000
ROKU  		2024	01	19	205	000	C P 	135	0	25000000
ROKU  		2024	01	19	210	000	C P 	509	0	25000000
ROKU  		2024	01	19	220	000	C P 	846	0	25000000
ROKU  		2024	01	19	230	000	C P 	230	0	25000000
ROKU  		2024	01	19	240	000	C P 	156	0	25000000
ROKU  		2024	01	19	250	000	C P 	678	0	25000000
ROKU  		2024	01	19	260	000	C P 	190	0	25000000
ROKU  		2024	01	19	270	000	C P 	123	0	25000000
ROKU  		2024	01	19	280	000	C P 	159	0	25000000
ROKU  		2024	01	19	290	000	C P 	320	0	25000000
ROKU  		2024	01	19	300	000	C P 	2207	0	25000000
ROKU  		2024	01	19	310	000	C P 	352	0	25000000
ROKU  		2024	01	19	320	000	C P 	335	0	25000000
ROKU  		2024	01	19	330	000	C P 	281	0	25000000
ROKU  		2024	01	19	340	000	C P 	180	0	25000000
ROKU  		2024	01	19	350	000	C P 	219	0	25000000
ROKU  		2024	01	19	360	000	C P 	538	0	25000000
ROKU  		2024	01	19	370	000	C P 	107	0	25000000
ROKU  		2024	01	19	380	000	C P 	143	0	25000000
ROKU  		2024	01	19	390	000	C P 	428	0	25000000
ROKU  		2024	01	19	400	000	C P 	1015	0	25000000
ROKU  		2024	01	19	410	000	C P 	124	0	25000000
ROKU  		2024	01	19	420	000	C P 	283	0	25000000
ROKU  		2024	01	19	430	000	C P 	457	0	25000000
ROKU  		2024	01	19	440	000	C P 	142	0	25000000
ROKU  		2024	01	19	450	000	C P 	294	0	25000000
ROKU  		2024	01	19	460	000	C P 	31	0	25000000
ROKU  		2024	01	19	470	000	C P 	179	0	25000000
ROKU  		2024	01	19	480	000	C P 	45	0	25000000
ROKU  		2024	01	19	490	000	C P 	29	0	25000000
ROKU  		2024	01	19	500	000	C P 	367	2	25000000
ROKU  		2024	01	19	510	000	C P 	143	0	25000000
ROKU  		2024	01	19	520	000	C P 	2790	0	25000000
ROKU  		2024	06	21	20	000	C P 	0	15	25000000
ROKU  		2024	06	21	22	500	C P 	1	4	25000000
ROKU  		2024	06	21	25	000	C P 	2	2	25000000
ROKU  		2024	06	21	30	000	C P 	2	38	25000000
ROKU  		2024	06	21	35	000	C P 	10	414	25000000
ROKU  		2024	06	21	40	000	C P 	25	45	25000000
ROKU  		2024	06	21	45	000	C P 	8	408	25000000
ROKU  		2024	06	21	50	000	C P 	28	97	25000000
ROKU  		2024	06	21	55	000	C P 	22	19	25000000
ROKU  		2024	06	21	60	000	C P 	24	54	25000000
ROKU  		2024	06	21	65	000	C P 	32	17	25000000
ROKU  		2024	06	21	70	000	C P 	35	3	25000000
ROKU  		2024	06	21	75	000	C P 	14	9	25000000
ROKU  		2024	06	21	80	000	C P 	35	70	25000000
ROKU  		2024	06	21	85	000	C P 	11	18	25000000
ROKU  		2024	06	21	90	000	C P 	42	37	25000000
ROKU  		2024	06	21	95	000	C P 	0	0	25000000
ROKU  		2024	06	21	100	000	C P 	3	0	25000000
ROKU  		2025	01	17	20	000	C P 	38	45	25000000
ROKU  		2025	01	17	22	500	C P 	11	44	25000000
ROKU  		2025	01	17	25	000	C P 	24	78	25000000
ROKU  		2025	01	17	30	000	C P 	50	135	25000000
ROKU  		2025	01	17	35	000	C P 	51	271	25000000
ROKU  		2025	01	17	40	000	C P 	135	238	25000000
ROKU  		2025	01	17	45	000	C P 	55	329	25000000
ROKU  		2025	01	17	50	000	C P 	142	564	25000000
ROKU  		2025	01	17	55	000	C P 	218	305	25000000
ROKU  		2025	01	17	60	000	C P 	1879	211	25000000
ROKU  		2025	01	17	65	000	C P 	918	50	25000000
ROKU  		2025	01	17	70	000	C P 	163	33	25000000
ROKU  		2025	01	17	75	000	C P 	176	1040	25000000
ROKU  		2025	01	17	80	000	C P 	113	45	25000000
ROKU  		2025	01	17	85	000	C P 	47	131	25000000
ROKU  		2025	01	17	90	000	C P 	60	23	25000000
ROKU  		2025	01	17	95	000	C P 	67	3	25000000
ROKU  		2025	01	17	100	000	C P 	232	41	25000000
ROKU  		2025	01	17	105	000	C P 	479	14	25000000
ROKU  		2025	01	17	110	000	C P 	927	89	25000000
