Series Search Results for ROKU

Products for this option symbol are traded on: 
AMEX ARCA BATS BOX C2 CBOE EDGX EMLD GEM ISE MCRY MIAX MPRL NOBO NSDQ PHLX 

		Series/contract		Strike			Open Interest			
ProductSymbol	year	Month	Day	Integer	Dec	C/P	Call	Put	Position Limit	
ROKU  		2023	02	10	25	000	C P 	0	360	25000000
ROKU  		2023	02	10	29	000	C P 	1	28	25000000
ROKU  		2023	02	10	30	000	C P 	1	603	25000000
ROKU  		2023	02	10	31	000	C P 	1	79	25000000
ROKU  		2023	02	10	32	000	C P 	0	1219	25000000
ROKU  		2023	02	10	33	000	C P 	1	762	25000000
ROKU  		2023	02	10	34	000	C P 	7	54	25000000
ROKU  		2023	02	10	35	000	C P 	4	118	25000000
ROKU  		2023	02	10	36	000	C P 	0	56	25000000
ROKU  		2023	02	10	37	000	C P 	1	176	25000000
ROKU  		2023	02	10	38	000	C P 	1	554	25000000
ROKU  		2023	02	10	38	500	C P 	2	240	25000000
ROKU  		2023	02	10	39	000	C P 	0	284	25000000
ROKU  		2023	02	10	39	500	C P 	12	0	25000000
ROKU  		2023	02	10	40	000	C P 	2018	2189	25000000
ROKU  		2023	02	10	40	500	C P 	6	3	25000000
ROKU  		2023	02	10	41	000	C P 	19	145	25000000
ROKU  		2023	02	10	41	500	C P 	0	8	25000000
ROKU  		2023	02	10	42	000	C P 	15	309	25000000
ROKU  		2023	02	10	42	500	C P 	1	9	25000000
ROKU  		2023	02	10	43	000	C P 	44	156	25000000
ROKU  		2023	02	10	43	500	C P 	4	12	25000000
ROKU  		2023	02	10	44	000	C P 	106	917	25000000
ROKU  		2023	02	10	44	500	C P 	24	1	25000000
ROKU  		2023	02	10	45	000	C P 	104	216	25000000
ROKU  		2023	02	10	45	500	C P 	18	45	25000000
ROKU  		2023	02	10	46	000	C P 	497	197	25000000
ROKU  		2023	02	10	46	500	C P 	16	547	25000000
ROKU  		2023	02	10	47	000	C P 	83	1040	25000000
ROKU  		2023	02	10	47	500	C P 	18	578	25000000
ROKU  		2023	02	10	48	000	C P 	105	211	25000000
ROKU  		2023	02	10	48	500	C P 	19	231	25000000
ROKU  		2023	02	10	49	000	C P 	108	210	25000000
ROKU  		2023	02	10	49	500	C P 	57	94	25000000
ROKU  		2023	02	10	50	000	C P 	209	665	25000000
ROKU  		2023	02	10	51	000	C P 	169	257	25000000
ROKU  		2023	02	10	52	000	C P 	435	448	25000000
ROKU  		2023	02	10	53	000	C P 	390	581	25000000
ROKU  		2023	02	10	54	000	C P 	475	848	25000000
ROKU  		2023	02	10	55	000	C P 	467	632	25000000
ROKU  		2023	02	10	56	000	C P 	302	1431	25000000
ROKU  		2023	02	10	57	000	C P 	843	928	25000000
ROKU  		2023	02	10	58	000	C P 	643	955	25000000
ROKU  		2023	02	10	59	000	C P 	510	1002	25000000
ROKU  		2023	02	10	60	000	C P 	942	1031	25000000
ROKU  		2023	02	10	61	000	C P 	510	719	25000000
ROKU  		2023	02	10	62	000	C P 	813	389	25000000
ROKU  		2023	02	10	63	000	C P 	1428	742	25000000
ROKU  		2023	02	10	64	000	C P 	752	491	25000000
ROKU  		2023	02	10	65	000	C P 	3518	315	25000000
ROKU  		2023	02	10	66	000	C P 	2334	813	25000000
ROKU  		2023	02	10	67	000	C P 	1039	141	25000000
ROKU  		2023	02	10	68	000	C P 	598	164	25000000
ROKU  		2023	02	10	69	000	C P 	1030	37	25000000
ROKU  		2023	02	10	70	000	C P 	2326	94	25000000
ROKU  		2023	02	10	71	000	C P 	551	42	25000000
ROKU  		2023	02	10	72	000	C P 	3516	13	25000000
ROKU  		2023	02	10	73	000	C P 	282	13	25000000
ROKU  		2023	02	10	74	000	C P 	87	0	25000000
ROKU  		2023	02	10	75	000	C P 	1337	13	25000000
ROKU  		2023	02	10	76	000	C P 	137	3	25000000
ROKU  		2023	02	10	77	000	C P 	70	0	25000000
ROKU  		2023	02	10	78	000	C P 	225	5	25000000
ROKU  		2023	02	10	79	000	C P 	110	1	25000000
ROKU  		2023	02	10	80	000	C P 	647	0	25000000
ROKU  		2023	02	10	81	000	C P 	36	0	25000000
ROKU  		2023	02	10	82	000	C P 	42	0	25000000
ROKU  		2023	02	10	83	000	C P 	47	0	25000000
ROKU  		2023	02	10	84	000	C P 	174	0	25000000
ROKU  		2023	02	10	85	000	C P 	90	0	25000000
ROKU  		2023	02	10	86	000	C P 	242	0	25000000
ROKU  		2023	02	10	87	000	C P 	109	0	25000000
ROKU  		2023	02	10	90	000	C P 	22	0	25000000
ROKU  		2023	02	10	95	000	C P 	23	0	25000000
ROKU  		2023	02	10	100	000	C P 	0	0	25000000
ROKU  		2023	02	17	20	000	C P 	1	365	25000000
ROKU  		2023	02	17	22	500	C P 	20	428	25000000
ROKU  		2023	02	17	25	000	C P 	17	2715	25000000
ROKU  		2023	02	17	30	000	C P 	94	5229	25000000
ROKU  		2023	02	17	35	000	C P 	75	5134	25000000
ROKU  		2023	02	17	40	000	C P 	768	3041	25000000
ROKU  		2023	02	17	42	000	C P 	17	119	25000000
ROKU  		2023	02	17	43	000	C P 	6	161	25000000
ROKU  		2023	02	17	44	000	C P 	12	103	25000000
ROKU  		2023	02	17	45	000	C P 	1295	4325	25000000
ROKU  		2023	02	17	45	500	C P 	41	178	25000000
ROKU  		2023	02	17	46	000	C P 	58	87	25000000
ROKU  		2023	02	17	46	500	C P 	32	120	25000000
ROKU  		2023	02	17	47	000	C P 	72	669	25000000
ROKU  		2023	02	17	47	500	C P 	41	280	25000000
ROKU  		2023	02	17	48	000	C P 	28	962	25000000
ROKU  		2023	02	17	48	500	C P 	16	137	25000000
ROKU  		2023	02	17	49	000	C P 	162	91	25000000
ROKU  		2023	02	17	49	500	C P 	144	81	25000000
ROKU  		2023	02	17	50	000	C P 	2170	3472	25000000
ROKU  		2023	02	17	51	000	C P 	258	108	25000000
ROKU  		2023	02	17	52	000	C P 	100	911	25000000
ROKU  		2023	02	17	53	000	C P 	137	344	25000000
ROKU  		2023	02	17	54	000	C P 	300	736	25000000
ROKU  		2023	02	17	55	000	C P 	2499	1954	25000000
ROKU  		2023	02	17	56	000	C P 	351	394	25000000
ROKU  		2023	02	17	57	000	C P 	755	234	25000000
ROKU  		2023	02	17	58	000	C P 	363	441	25000000
ROKU  		2023	02	17	59	000	C P 	510	224	25000000
ROKU  		2023	02	17	60	000	C P 	2447	1081	25000000
ROKU  		2023	02	17	61	000	C P 	378	188	25000000
ROKU  		2023	02	17	62	000	C P 	295	197	25000000
ROKU  		2023	02	17	63	000	C P 	464	146	25000000
ROKU  		2023	02	17	64	000	C P 	152	224	25000000
ROKU  		2023	02	17	65	000	C P 	4964	1112	25000000
ROKU  		2023	02	17	66	000	C P 	443	173	25000000
ROKU  		2023	02	17	67	000	C P 	813	522	25000000
ROKU  		2023	02	17	68	000	C P 	136	262	25000000
ROKU  		2023	02	17	69	000	C P 	279	227	25000000
ROKU  		2023	02	17	70	000	C P 	1671	263	25000000
ROKU  		2023	02	17	71	000	C P 	151	66	25000000
ROKU  		2023	02	17	72	000	C P 	138	50	25000000
ROKU  		2023	02	17	73	000	C P 	127	52	25000000
ROKU  		2023	02	17	74	000	C P 	322	77	25000000
ROKU  		2023	02	17	75	000	C P 	1586	78	25000000
ROKU  		2023	02	17	76	000	C P 	175	17	25000000
ROKU  		2023	02	17	77	000	C P 	145	46	25000000
ROKU  		2023	02	17	78	000	C P 	166	37	25000000
ROKU  		2023	02	17	79	000	C P 	65	26	25000000
ROKU  		2023	02	17	80	000	C P 	795	19	25000000
ROKU  		2023	02	17	81	000	C P 	88	36	25000000
ROKU  		2023	02	17	82	000	C P 	65	25	25000000
ROKU  		2023	02	17	83	000	C P 	101	18	25000000
ROKU  		2023	02	17	84	000	C P 	64	7	25000000
ROKU  		2023	02	17	85	000	C P 	3514	61	25000000
ROKU  		2023	02	17	86	000	C P 	19	21	25000000
ROKU  		2023	02	17	87	000	C P 	183	34	25000000
ROKU  		2023	02	17	90	000	C P 	3274	23	25000000
ROKU  		2023	02	17	95	000	C P 	35	4	25000000
ROKU  		2023	02	17	100	000	C P 	337	0	25000000
ROKU  		2023	02	24	25	000	C P 	4	2503	25000000
ROKU  		2023	02	24	30	000	C P 	1	177	25000000
ROKU  		2023	02	24	32	000	C P 	0	79	25000000
ROKU  		2023	02	24	33	000	C P 	0	32	25000000
ROKU  		2023	02	24	34	000	C P 	10	246	25000000
ROKU  		2023	02	24	35	000	C P 	5	480	25000000
ROKU  		2023	02	24	36	000	C P 	1	199	25000000
ROKU  		2023	02	24	37	000	C P 	0	62	25000000
ROKU  		2023	02	24	38	000	C P 	0	102	25000000
ROKU  		2023	02	24	39	000	C P 	0	186	25000000
ROKU  		2023	02	24	40	000	C P 	20	269	25000000
ROKU  		2023	02	24	41	000	C P 	18	83	25000000
ROKU  		2023	02	24	42	000	C P 	154	55	25000000
ROKU  		2023	02	24	43	000	C P 	12	119	25000000
ROKU  		2023	02	24	44	000	C P 	40	117	25000000
ROKU  		2023	02	24	45	000	C P 	100	195	25000000
ROKU  		2023	02	24	46	000	C P 	71	79	25000000
ROKU  		2023	02	24	47	000	C P 	27	48	25000000
ROKU  		2023	02	24	48	000	C P 	447	69	25000000
ROKU  		2023	02	24	49	000	C P 	22	70	25000000
ROKU  		2023	02	24	50	000	C P 	124	204	25000000
ROKU  		2023	02	24	51	000	C P 	193	133	25000000
ROKU  		2023	02	24	52	000	C P 	417	164	25000000
ROKU  		2023	02	24	53	000	C P 	123	54	25000000
ROKU  		2023	02	24	54	000	C P 	86	123	25000000
ROKU  		2023	02	24	55	000	C P 	270	190	25000000
ROKU  		2023	02	24	56	000	C P 	71	93	25000000
ROKU  		2023	02	24	57	000	C P 	50	44	25000000
ROKU  		2023	02	24	58	000	C P 	100	57	25000000
ROKU  		2023	02	24	59	000	C P 	23	87	25000000
ROKU  		2023	02	24	60	000	C P 	762	83	25000000
ROKU  		2023	02	24	61	000	C P 	61	49	25000000
ROKU  		2023	02	24	62	000	C P 	154	60	25000000
ROKU  		2023	02	24	63	000	C P 	40	43	25000000
ROKU  		2023	02	24	64	000	C P 	214	112	25000000
ROKU  		2023	02	24	65	000	C P 	349	153	25000000
ROKU  		2023	02	24	66	000	C P 	105	62	25000000
ROKU  		2023	02	24	67	000	C P 	88	94	25000000
ROKU  		2023	02	24	68	000	C P 	70	61	25000000
ROKU  		2023	02	24	69	000	C P 	40	19	25000000
ROKU  		2023	02	24	70	000	C P 	527	14	25000000
ROKU  		2023	02	24	71	000	C P 	42	19	25000000
ROKU  		2023	02	24	72	000	C P 	37	5	25000000
ROKU  		2023	02	24	73	000	C P 	76	9	25000000
ROKU  		2023	02	24	74	000	C P 	30	9	25000000
ROKU  		2023	02	24	75	000	C P 	122	4	25000000
ROKU  		2023	02	24	76	000	C P 	35	11	25000000
ROKU  		2023	02	24	77	000	C P 	52	5	25000000
ROKU  		2023	02	24	78	000	C P 	24	5	25000000
ROKU  		2023	02	24	79	000	C P 	53	2	25000000
ROKU  		2023	02	24	80	000	C P 	88	5	25000000
ROKU  		2023	02	24	81	000	C P 	65	0	25000000
ROKU  		2023	02	24	82	000	C P 	21	12	25000000
ROKU  		2023	02	24	83	000	C P 	16	0	25000000
ROKU  		2023	02	24	84	000	C P 	9	1	25000000
ROKU  		2023	02	24	85	000	C P 	73	4	25000000
ROKU  		2023	02	24	86	000	C P 	91	1	25000000
ROKU  		2023	02	24	87	000	C P 	174	0	25000000
ROKU  		2023	02	24	90	000	C P 	75	6	25000000
ROKU  		2023	02	24	95	000	C P 	91	4	25000000
ROKU  		2023	02	24	100	000	C P 	76	0	25000000
ROKU  		2023	03	03	25	000	C P 	0	743	25000000
ROKU  		2023	03	03	30	000	C P 	0	113	25000000
ROKU  		2023	03	03	35	000	C P 	0	159	25000000
ROKU  		2023	03	03	38	000	C P 	1	224	25000000
ROKU  		2023	03	03	39	000	C P 	0	36	25000000
ROKU  		2023	03	03	40	000	C P 	3	102	25000000
ROKU  		2023	03	03	41	000	C P 	0	17	25000000
ROKU  		2023	03	03	42	000	C P 	0	10	25000000
ROKU  		2023	03	03	43	000	C P 	0	75	25000000
ROKU  		2023	03	03	44	000	C P 	0	74	25000000
ROKU  		2023	03	03	45	000	C P 	2	197	25000000
ROKU  		2023	03	03	46	000	C P 	2	77	25000000
ROKU  		2023	03	03	47	000	C P 	17	124	25000000
ROKU  		2023	03	03	48	000	C P 	28	78	25000000
ROKU  		2023	03	03	49	000	C P 	28	63	25000000
ROKU  		2023	03	03	50	000	C P 	29	82	25000000
ROKU  		2023	03	03	51	000	C P 	25	52	25000000
ROKU  		2023	03	03	52	000	C P 	52	35	25000000
ROKU  		2023	03	03	53	000	C P 	22	23	25000000
ROKU  		2023	03	03	54	000	C P 	36	109	25000000
ROKU  		2023	03	03	55	000	C P 	67	93	25000000
ROKU  		2023	03	03	56	000	C P 	70	46	25000000
ROKU  		2023	03	03	57	000	C P 	51	124	25000000
ROKU  		2023	03	03	58	000	C P 	63	13	25000000
ROKU  		2023	03	03	59	000	C P 	14	6	25000000
ROKU  		2023	03	03	60	000	C P 	67	45	25000000
ROKU  		2023	03	03	61	000	C P 	65	12	25000000
ROKU  		2023	03	03	62	000	C P 	67	31	25000000
ROKU  		2023	03	03	63	000	C P 	42	11	25000000
ROKU  		2023	03	03	64	000	C P 	56	55	25000000
ROKU  		2023	03	03	65	000	C P 	265	50	25000000
ROKU  		2023	03	03	66	000	C P 	71	1	25000000
ROKU  		2023	03	03	67	000	C P 	40	2	25000000
ROKU  		2023	03	03	68	000	C P 	25	2	25000000
ROKU  		2023	03	03	69	000	C P 	11	4	25000000
ROKU  		2023	03	03	70	000	C P 	145	19	25000000
ROKU  		2023	03	03	71	000	C P 	1	3	25000000
ROKU  		2023	03	03	72	000	C P 	6	4	25000000
ROKU  		2023	03	03	73	000	C P 	1	1	25000000
ROKU  		2023	03	03	74	000	C P 	8	0	25000000
ROKU  		2023	03	03	75	000	C P 	59	0	25000000
ROKU  		2023	03	03	76	000	C P 	2	1	25000000
ROKU  		2023	03	03	77	000	C P 	15	4	25000000
ROKU  		2023	03	03	78	000	C P 	11	0	25000000
ROKU  		2023	03	03	80	000	C P 	32	0	25000000
ROKU  		2023	03	03	85	000	C P 	62	5	25000000
ROKU  		2023	03	03	90	000	C P 	41	0	25000000
ROKU  		2023	03	03	95	000	C P 	56	0	25000000
ROKU  		2023	03	03	100	000	C P 	229	0	25000000
ROKU  		2023	03	10	30	000	C P 	0	3	25000000
ROKU  		2023	03	10	35	000	C P 	0	6	25000000
ROKU  		2023	03	10	40	000	C P 	3	12	25000000
ROKU  		2023	03	10	41	000	C P 	0	18	25000000
ROKU  		2023	03	10	42	000	C P 	3	36	25000000
ROKU  		2023	03	10	43	000	C P 	1	13	25000000
ROKU  		2023	03	10	44	000	C P 	0	307	25000000
ROKU  		2023	03	10	45	000	C P 	2	111	25000000
ROKU  		2023	03	10	46	000	C P 	0	290	25000000
ROKU  		2023	03	10	47	000	C P 	1	73	25000000
ROKU  		2023	03	10	48	000	C P 	0	31	25000000
ROKU  		2023	03	10	49	000	C P 	0	17	25000000
ROKU  		2023	03	10	50	000	C P 	10	52	25000000
ROKU  		2023	03	10	51	000	C P 	4	6	25000000
ROKU  		2023	03	10	52	000	C P 	24	93	25000000
ROKU  		2023	03	10	53	000	C P 	17	18	25000000
ROKU  		2023	03	10	54	000	C P 	74	12	25000000
ROKU  		2023	03	10	55	000	C P 	45	25	25000000
ROKU  		2023	03	10	56	000	C P 	39	18	25000000
ROKU  		2023	03	10	57	000	C P 	34	18	25000000
ROKU  		2023	03	10	58	000	C P 	51	7	25000000
ROKU  		2023	03	10	59	000	C P 	11	16	25000000
ROKU  		2023	03	10	60	000	C P 	47	39	25000000
ROKU  		2023	03	10	61	000	C P 	14	14	25000000
ROKU  		2023	03	10	62	000	C P 	30	39	25000000
ROKU  		2023	03	10	63	000	C P 	81	28	25000000
ROKU  		2023	03	10	64	000	C P 	25	50	25000000
ROKU  		2023	03	10	65	000	C P 	73	45	25000000
ROKU  		2023	03	10	66	000	C P 	9	2	25000000
ROKU  		2023	03	10	67	000	C P 	6	1	25000000
ROKU  		2023	03	10	68	000	C P 	23	3	25000000
ROKU  		2023	03	10	69	000	C P 	25	1	25000000
ROKU  		2023	03	10	70	000	C P 	142	26	25000000
ROKU  		2023	03	10	71	000	C P 	2	0	25000000
ROKU  		2023	03	10	72	000	C P 	3	1	25000000
ROKU  		2023	03	10	73	000	C P 	8	0	25000000
ROKU  		2023	03	10	74	000	C P 	1	0	25000000
ROKU  		2023	03	10	75	000	C P 	41	0	25000000
ROKU  		2023	03	10	76	000	C P 	3	0	25000000
ROKU  		2023	03	10	77	000	C P 	2	0	25000000
ROKU  		2023	03	10	78	000	C P 	2	0	25000000
ROKU  		2023	03	10	80	000	C P 	35	0	25000000
ROKU  		2023	03	10	85	000	C P 	31	0	25000000
ROKU  		2023	03	10	90	000	C P 	2	0	25000000
ROKU  		2023	03	10	95	000	C P 	1	0	25000000
ROKU  		2023	03	10	100	000	C P 	2	0	25000000
ROKU  		2023	03	17	20	000	C P 	8	218	25000000
ROKU  		2023	03	17	22	500	C P 	22	519	25000000
ROKU  		2023	03	17	25	000	C P 	20	2670	25000000
ROKU  		2023	03	17	30	000	C P 	12	7625	25000000
ROKU  		2023	03	17	35	000	C P 	192	8015	25000000
ROKU  		2023	03	17	40	000	C P 	314	3063	25000000
ROKU  		2023	03	17	45	000	C P 	463	3005	25000000
ROKU  		2023	03	17	50	000	C P 	1181	2873	25000000
ROKU  		2023	03	17	55	000	C P 	1878	1203	25000000
ROKU  		2023	03	17	60	000	C P 	1521	1539	25000000
ROKU  		2023	03	17	65	000	C P 	2261	441	25000000
ROKU  		2023	03	17	70	000	C P 	1549	334	25000000
ROKU  		2023	03	17	75	000	C P 	1349	147	25000000
ROKU  		2023	03	17	80	000	C P 	826	6	25000000
ROKU  		2023	03	17	85	000	C P 	2250	2	25000000
ROKU  		2023	03	17	90	000	C P 	1113	8	25000000
ROKU  		2023	03	17	95	000	C P 	813	3	25000000
ROKU  		2023	03	17	100	000	C P 	2796	0	25000000
ROKU  		2023	03	17	105	000	C P 	1040	1	25000000
ROKU  		2023	03	17	110	000	C P 	2046	2	25000000
ROKU  		2023	03	24	35	000	C P 	0	0	25000000
ROKU  		2023	03	24	40	000	C P 	0	46	25000000
ROKU  		2023	03	24	45	000	C P 	5	26	25000000
ROKU  		2023	03	24	46	000	C P 	5	12	25000000
ROKU  		2023	03	24	47	000	C P 	0	33	25000000
ROKU  		2023	03	24	48	000	C P 	0	6	25000000
ROKU  		2023	03	24	49	000	C P 	0	4	25000000
ROKU  		2023	03	24	50	000	C P 	10	22	25000000
ROKU  		2023	03	24	51	000	C P 	10	4	25000000
ROKU  		2023	03	24	52	000	C P 	5	6	25000000
ROKU  		2023	03	24	53	000	C P 	1	4	25000000
ROKU  		2023	03	24	54	000	C P 	0	5	25000000
ROKU  		2023	03	24	55	000	C P 	31	36	25000000
ROKU  		2023	03	24	56	000	C P 	2	4	25000000
ROKU  		2023	03	24	57	000	C P 	2	4	25000000
ROKU  		2023	03	24	58	000	C P 	0	1	25000000
ROKU  		2023	03	24	59	000	C P 	3	12	25000000
ROKU  		2023	03	24	60	000	C P 	44	18	25000000
ROKU  		2023	03	24	61	000	C P 	16	4	25000000
ROKU  		2023	03	24	62	000	C P 	7	25	25000000
ROKU  		2023	03	24	63	000	C P 	11	1	25000000
ROKU  		2023	03	24	64	000	C P 	42	0	25000000
ROKU  		2023	03	24	65	000	C P 	26	5	25000000
ROKU  		2023	03	24	66	000	C P 	10	1	25000000
ROKU  		2023	03	24	67	000	C P 	5	2	25000000
ROKU  		2023	03	24	68	000	C P 	13	0	25000000
ROKU  		2023	03	24	69	000	C P 	19	0	25000000
ROKU  		2023	03	24	70	000	C P 	10	1	25000000
ROKU  		2023	03	24	71	000	C P 	3	0	25000000
ROKU  		2023	03	24	72	000	C P 	7	0	25000000
ROKU  		2023	03	24	73	000	C P 	1	0	25000000
ROKU  		2023	03	24	74	000	C P 	2	0	25000000
ROKU  		2023	03	24	75	000	C P 	9	0	25000000
ROKU  		2023	03	24	76	000	C P 	0	0	25000000
ROKU  		2023	03	24	77	000	C P 	0	0	25000000
ROKU  		2023	03	24	78	000	C P 	1	0	25000000
ROKU  		2023	03	24	80	000	C P 	2	0	25000000
ROKU  		2023	03	24	85	000	C P 	5	0	25000000
ROKU  		2023	03	24	90	000	C P 	1	0	25000000
ROKU  		2023	03	24	95	000	C P 	41	0	25000000
ROKU  		2023	03	24	100	000	C P 	12	0	25000000
ROKU  		2023	04	21	20	000	C P 	0	126	25000000
ROKU  		2023	04	21	22	500	C P 	2	388	25000000
ROKU  		2023	04	21	25	000	C P 	18	1136	25000000
ROKU  		2023	04	21	30	000	C P 	18	2434	25000000
ROKU  		2023	04	21	35	000	C P 	28	689	25000000
ROKU  		2023	04	21	40	000	C P 	150	1256	25000000
ROKU  		2023	04	21	45	000	C P 	366	1444	25000000
ROKU  		2023	04	21	50	000	C P 	486	2016	25000000
ROKU  		2023	04	21	55	000	C P 	458	993	25000000
ROKU  		2023	04	21	60	000	C P 	1313	670	25000000
ROKU  		2023	04	21	65	000	C P 	982	624	25000000
ROKU  		2023	04	21	70	000	C P 	1061	343	25000000
ROKU  		2023	04	21	75	000	C P 	1005	615	25000000
ROKU  		2023	04	21	80	000	C P 	785	36	25000000
ROKU  		2023	04	21	85	000	C P 	603	0	25000000
ROKU  		2023	04	21	90	000	C P 	242	4	25000000
ROKU  		2023	04	21	95	000	C P 	217	2	25000000
ROKU  		2023	04	21	100	000	C P 	1455	1	25000000
ROKU  		2023	04	21	105	000	C P 	274	0	25000000
ROKU  		2023	04	21	110	000	C P 	259	0	25000000
ROKU  		2023	04	21	115	000	C P 	315	0	25000000
ROKU  		2023	04	21	120	000	C P 	382	0	25000000
ROKU  		2023	04	21	125	000	C P 	486	0	25000000
ROKU  		2023	06	16	20	000	C P 	26	255	25000000
ROKU  		2023	06	16	22	500	C P 	1	2155	25000000
ROKU  		2023	06	16	25	000	C P 	1	1691	25000000
ROKU  		2023	06	16	30	000	C P 	12	3251	25000000
ROKU  		2023	06	16	35	000	C P 	110	2153	25000000
ROKU  		2023	06	16	40	000	C P 	213	3661	25000000
ROKU  		2023	06	16	45	000	C P 	435	8407	25000000
ROKU  		2023	06	16	50	000	C P 	605	9236	25000000
ROKU  		2023	06	16	55	000	C P 	1668	1878	25000000
ROKU  		2023	06	16	60	000	C P 	2279	879	25000000
ROKU  		2023	06	16	65	000	C P 	1098	733	25000000
ROKU  		2023	06	16	70	000	C P 	1701	660	25000000
ROKU  		2023	06	16	75	000	C P 	828	1006	25000000
ROKU  		2023	06	16	80	000	C P 	1323	457	25000000
ROKU  		2023	06	16	85	000	C P 	726	1194	25000000
ROKU  		2023	06	16	90	000	C P 	1321	184	25000000
ROKU  		2023	06	16	95	000	C P 	536	26	25000000
ROKU  		2023	06	16	100	000	C P 	1458	19	25000000
ROKU  		2023	06	16	105	000	C P 	543	41	25000000
ROKU  		2023	06	16	110	000	C P 	1224	22	25000000
ROKU  		2023	06	16	115	000	C P 	726	4	25000000
ROKU  		2023	06	16	120	000	C P 	920	0	25000000
ROKU  		2023	06	16	125	000	C P 	1000	1	25000000
ROKU  		2023	06	16	130	000	C P 	646	0	25000000
ROKU  		2023	06	16	135	000	C P 	829	0	25000000
ROKU  		2023	06	16	140	000	C P 	1603	0	25000000
ROKU  		2023	07	21	20	000	C P 	6	131	25000000
ROKU  		2023	07	21	22	500	C P 	0	124	25000000
ROKU  		2023	07	21	25	000	C P 	1	202	25000000
ROKU  		2023	07	21	30	000	C P 	249	1632	25000000
ROKU  		2023	07	21	35	000	C P 	15	1598	25000000
ROKU  		2023	07	21	40	000	C P 	132	1666	25000000
ROKU  		2023	07	21	45	000	C P 	93	791	25000000
ROKU  		2023	07	21	50	000	C P 	337	641	25000000
ROKU  		2023	07	21	55	000	C P 	158	1332	25000000
ROKU  		2023	07	21	60	000	C P 	150	563	25000000
ROKU  		2023	07	21	65	000	C P 	469	366	25000000
ROKU  		2023	07	21	70	000	C P 	510	71	25000000
ROKU  		2023	07	21	75	000	C P 	411	420	25000000
ROKU  		2023	07	21	80	000	C P 	771	799	25000000
ROKU  		2023	07	21	85	000	C P 	1316	385	25000000
ROKU  		2023	07	21	90	000	C P 	294	97	25000000
ROKU  		2023	07	21	95	000	C P 	165	10	25000000
ROKU  		2023	07	21	100	000	C P 	77	69	25000000
ROKU  		2023	09	15	20	000	C P 	3	6	25000000
ROKU  		2023	09	15	22	500	C P 	0	70	25000000
ROKU  		2023	09	15	25	000	C P 	0	297	25000000
ROKU  		2023	09	15	30	000	C P 	15	71	25000000
ROKU  		2023	09	15	35	000	C P 	35	584	25000000
ROKU  		2023	09	15	40	000	C P 	1808	1284	25000000
ROKU  		2023	09	15	45	000	C P 	18	763	25000000
ROKU  		2023	09	15	50	000	C P 	27	611	25000000
ROKU  		2023	09	15	55	000	C P 	234	194	25000000
ROKU  		2023	09	15	60	000	C P 	3896	156	25000000
ROKU  		2023	09	15	65	000	C P 	883	255	25000000
ROKU  		2023	09	15	70	000	C P 	136	66	25000000
ROKU  		2023	09	15	75	000	C P 	216	61	25000000
ROKU  		2023	09	15	80	000	C P 	393	7	25000000
ROKU  		2023	09	15	85	000	C P 	69	27	25000000
ROKU  		2023	09	15	90	000	C P 	440	10	25000000
ROKU  		2023	09	15	95	000	C P 	27	0	25000000
ROKU  		2023	09	15	100	000	C P 	78	70	25000000
ROKU  		2024	01	19	20	000	C P 	11	84	25000000
ROKU  		2024	01	19	22	500	C P 	1	97	25000000
ROKU  		2024	01	19	25	000	C P 	27	888	25000000
ROKU  		2024	01	19	30	000	C P 	109	2049	25000000
ROKU  		2024	01	19	35	000	C P 	119	1141	25000000
ROKU  		2024	01	19	40	000	C P 	833	1620	25000000
ROKU  		2024	01	19	45	000	C P 	385	2208	25000000
ROKU  		2024	01	19	50	000	C P 	319	614	25000000
ROKU  		2024	01	19	55	000	C P 	199	233	25000000
ROKU  		2024	01	19	60	000	C P 	636	2182	25000000
ROKU  		2024	01	19	65	000	C P 	575	940	25000000
ROKU  		2024	01	19	70	000	C P 	605	277	25000000
ROKU  		2024	01	19	75	000	C P 	288	564	25000000
ROKU  		2024	01	19	80	000	C P 	390	1007	25000000
ROKU  		2024	01	19	85	000	C P 	509	683	25000000
ROKU  		2024	01	19	90	000	C P 	2056	786	25000000
ROKU  		2024	01	19	95	000	C P 	781	341	25000000
ROKU  		2024	01	19	100	000	C P 	1171	347	25000000
ROKU  		2024	01	19	105	000	C P 	255	364	25000000
ROKU  		2024	01	19	110	000	C P 	620	63	25000000
ROKU  		2024	01	19	115	000	C P 	762	285	25000000
ROKU  		2024	01	19	120	000	C P 	2160	7	25000000
ROKU  		2024	01	19	125	000	C P 	296	6	25000000
ROKU  		2024	01	19	130	000	C P 	595	56	25000000
ROKU  		2024	01	19	135	000	C P 	223	6	25000000
ROKU  		2024	01	19	140	000	C P 	386	1	25000000
ROKU  		2024	01	19	145	000	C P 	321	0	25000000
ROKU  		2024	01	19	150	000	C P 	1639	14	25000000
ROKU  		2024	01	19	155	000	C P 	395	2	25000000
ROKU  		2024	01	19	160	000	C P 	264	14	25000000
ROKU  		2024	01	19	165	000	C P 	124	0	25000000
ROKU  		2024	01	19	170	000	C P 	393	0	25000000
ROKU  		2024	01	19	175	000	C P 	372	0	25000000
ROKU  		2024	01	19	180	000	C P 	501	1	25000000
ROKU  		2024	01	19	185	000	C P 	205	8	25000000
ROKU  		2024	01	19	190	000	C P 	1427	5	25000000
ROKU  		2024	01	19	195	000	C P 	188	2	25000000
ROKU  		2024	01	19	200	000	C P 	1656	0	25000000
ROKU  		2024	01	19	205	000	C P 	135	0	25000000
ROKU  		2024	01	19	210	000	C P 	501	0	25000000
ROKU  		2024	01	19	220	000	C P 	846	0	25000000
ROKU  		2024	01	19	230	000	C P 	230	0	25000000
ROKU  		2024	01	19	240	000	C P 	156	0	25000000
ROKU  		2024	01	19	250	000	C P 	648	0	25000000
ROKU  		2024	01	19	260	000	C P 	190	0	25000000
ROKU  		2024	01	19	270	000	C P 	123	0	25000000
ROKU  		2024	01	19	280	000	C P 	159	0	25000000
ROKU  		2024	01	19	290	000	C P 	320	0	25000000
ROKU  		2024	01	19	300	000	C P 	2207	0	25000000
ROKU  		2024	01	19	310	000	C P 	353	0	25000000
ROKU  		2024	01	19	320	000	C P 	337	0	25000000
ROKU  		2024	01	19	330	000	C P 	281	0	25000000
ROKU  		2024	01	19	340	000	C P 	180	0	25000000
ROKU  		2024	01	19	350	000	C P 	219	0	25000000
ROKU  		2024	01	19	360	000	C P 	538	0	25000000
ROKU  		2024	01	19	370	000	C P 	107	0	25000000
ROKU  		2024	01	19	380	000	C P 	143	0	25000000
ROKU  		2024	01	19	390	000	C P 	428	0	25000000
ROKU  		2024	01	19	400	000	C P 	1014	0	25000000
ROKU  		2024	01	19	410	000	C P 	124	0	25000000
ROKU  		2024	01	19	420	000	C P 	283	0	25000000
ROKU  		2024	01	19	430	000	C P 	457	0	25000000
ROKU  		2024	01	19	440	000	C P 	142	0	25000000
ROKU  		2024	01	19	450	000	C P 	294	0	25000000
ROKU  		2024	01	19	460	000	C P 	31	0	25000000
ROKU  		2024	01	19	470	000	C P 	179	0	25000000
ROKU  		2024	01	19	480	000	C P 	45	0	25000000
ROKU  		2024	01	19	490	000	C P 	29	0	25000000
ROKU  		2024	01	19	500	000	C P 	367	0	25000000
ROKU  		2024	01	19	510	000	C P 	143	0	25000000
ROKU  		2024	01	19	520	000	C P 	2847	0	25000000
ROKU  		2024	06	21	20	000	C P 	0	15	25000000
ROKU  		2024	06	21	22	500	C P 	1	4	25000000
ROKU  		2024	06	21	25	000	C P 	1	2	25000000
ROKU  		2024	06	21	30	000	C P 	2	38	25000000
ROKU  		2024	06	21	35	000	C P 	10	412	25000000
ROKU  		2024	06	21	40	000	C P 	25	43	25000000
ROKU  		2024	06	21	45	000	C P 	12	407	25000000
ROKU  		2024	06	21	50	000	C P 	28	78	25000000
ROKU  		2024	06	21	55	000	C P 	20	19	25000000
ROKU  		2024	06	21	60	000	C P 	24	54	25000000
ROKU  		2024	06	21	65	000	C P 	32	17	25000000
ROKU  		2024	06	21	70	000	C P 	34	3	25000000
ROKU  		2024	06	21	75	000	C P 	14	9	25000000
ROKU  		2024	06	21	80	000	C P 	35	70	25000000
ROKU  		2024	06	21	85	000	C P 	11	18	25000000
ROKU  		2024	06	21	90	000	C P 	42	37	25000000
ROKU  		2024	06	21	95	000	C P 	0	0	25000000
ROKU  		2024	06	21	100	000	C P 	2	0	25000000
ROKU  		2025	01	17	20	000	C P 	27	36	25000000
ROKU  		2025	01	17	22	500	C P 	8	29	25000000
ROKU  		2025	01	17	25	000	C P 	25	69	25000000
ROKU  		2025	01	17	30	000	C P 	50	135	25000000
ROKU  		2025	01	17	35	000	C P 	51	271	25000000
ROKU  		2025	01	17	40	000	C P 	135	238	25000000
ROKU  		2025	01	17	45	000	C P 	55	307	25000000
ROKU  		2025	01	17	50	000	C P 	140	565	25000000
ROKU  		2025	01	17	55	000	C P 	218	294	25000000
ROKU  		2025	01	17	60	000	C P 	1878	205	25000000
ROKU  		2025	01	17	65	000	C P 	908	49	25000000
ROKU  		2025	01	17	70	000	C P 	164	33	25000000
ROKU  		2025	01	17	75	000	C P 	176	1040	25000000
ROKU  		2025	01	17	80	000	C P 	114	45	25000000
ROKU  		2025	01	17	85	000	C P 	47	131	25000000
ROKU  		2025	01	17	90	000	C P 	60	23	25000000
ROKU  		2025	01	17	95	000	C P 	67	3	25000000
ROKU  		2025	01	17	100	000	C P 	227	41	25000000
ROKU  		2025	01	17	105	000	C P 	472	14	25000000
ROKU  		2025	01	17	110	000	C P 	873	89	25000000
