Series Search Results for ROKU

Products for this option symbol are traded on: 
AMEX ARCA BATS BOX C2 CBOE EDGX EMLD GEM ISE MCRY MIAX MPRL NOBO NSDQ PHLX 

		Series/contract		Strike			Open Interest			
ProductSymbol	year	Month	Day	Integer	Dec	C/P	Call	Put	Position Limit	
ROKU  		2023	02	17	20	000	C P 	1	361	25000000
ROKU  		2023	02	17	22	500	C P 	20	426	25000000
ROKU  		2023	02	17	25	000	C P 	17	2721	25000000
ROKU  		2023	02	17	30	000	C P 	95	5294	25000000
ROKU  		2023	02	17	35	000	C P 	98	6673	25000000
ROKU  		2023	02	17	36	000	C P 	3	1679	25000000
ROKU  		2023	02	17	36	500	C P 	0	736	25000000
ROKU  		2023	02	17	37	000	C P 	0	505	25000000
ROKU  		2023	02	17	37	500	C P 	5	893	25000000
ROKU  		2023	02	17	38	000	C P 	0	323	25000000
ROKU  		2023	02	17	38	500	C P 	1	81	25000000
ROKU  		2023	02	17	39	000	C P 	0	262	25000000
ROKU  		2023	02	17	40	000	C P 	747	3773	25000000
ROKU  		2023	02	17	41	000	C P 	3	1170	25000000
ROKU  		2023	02	17	42	000	C P 	19	1631	25000000
ROKU  		2023	02	17	43	000	C P 	7	849	25000000
ROKU  		2023	02	17	44	000	C P 	15	801	25000000
ROKU  		2023	02	17	45	000	C P 	1264	5184	25000000
ROKU  		2023	02	17	45	500	C P 	41	386	25000000
ROKU  		2023	02	17	46	000	C P 	70	1174	25000000
ROKU  		2023	02	17	46	500	C P 	40	321	25000000
ROKU  		2023	02	17	47	000	C P 	77	1170	25000000
ROKU  		2023	02	17	47	500	C P 	60	909	25000000
ROKU  		2023	02	17	48	000	C P 	53	1834	25000000
ROKU  		2023	02	17	48	500	C P 	40	413	25000000
ROKU  		2023	02	17	49	000	C P 	152	1275	25000000
ROKU  		2023	02	17	49	500	C P 	159	716	25000000
ROKU  		2023	02	17	50	000	C P 	1782	5091	25000000
ROKU  		2023	02	17	51	000	C P 	271	2472	25000000
ROKU  		2023	02	17	52	000	C P 	117	2164	25000000
ROKU  		2023	02	17	53	000	C P 	114	1888	25000000
ROKU  		2023	02	17	54	000	C P 	385	1523	25000000
ROKU  		2023	02	17	55	000	C P 	2517	2549	25000000
ROKU  		2023	02	17	56	000	C P 	826	1151	25000000
ROKU  		2023	02	17	57	000	C P 	1052	438	25000000
ROKU  		2023	02	17	58	000	C P 	631	2692	25000000
ROKU  		2023	02	17	59	000	C P 	740	598	25000000
ROKU  		2023	02	17	60	000	C P 	3793	1816	25000000
ROKU  		2023	02	17	61	000	C P 	1439	271	25000000
ROKU  		2023	02	17	62	000	C P 	1180	482	25000000
ROKU  		2023	02	17	63	000	C P 	1381	775	25000000
ROKU  		2023	02	17	64	000	C P 	1094	471	25000000
ROKU  		2023	02	17	65	000	C P 	4898	1289	25000000
ROKU  		2023	02	17	66	000	C P 	1184	253	25000000
ROKU  		2023	02	17	67	000	C P 	1043	625	25000000
ROKU  		2023	02	17	68	000	C P 	1458	339	25000000
ROKU  		2023	02	17	69	000	C P 	988	260	25000000
ROKU  		2023	02	17	70	000	C P 	4435	431	25000000
ROKU  		2023	02	17	71	000	C P 	1067	90	25000000
ROKU  		2023	02	17	72	000	C P 	1191	103	25000000
ROKU  		2023	02	17	73	000	C P 	603	94	25000000
ROKU  		2023	02	17	74	000	C P 	1105	161	25000000
ROKU  		2023	02	17	75	000	C P 	3406	184	25000000
ROKU  		2023	02	17	76	000	C P 	1044	27	25000000
ROKU  		2023	02	17	77	000	C P 	575	49	25000000
ROKU  		2023	02	17	78	000	C P 	894	37	25000000
ROKU  		2023	02	17	79	000	C P 	988	28	25000000
ROKU  		2023	02	17	80	000	C P 	3310	61	25000000
ROKU  		2023	02	17	81	000	C P 	842	40	25000000
ROKU  		2023	02	17	82	000	C P 	2025	34	25000000
ROKU  		2023	02	17	83	000	C P 	236	24	25000000
ROKU  		2023	02	17	84	000	C P 	604	9	25000000
ROKU  		2023	02	17	85	000	C P 	4509	61	25000000
ROKU  		2023	02	17	86	000	C P 	615	20	25000000
ROKU  		2023	02	17	87	000	C P 	1441	34	25000000
ROKU  		2023	02	17	90	000	C P 	6240	23	25000000
ROKU  		2023	02	17	95	000	C P 	1974	1	25000000
ROKU  		2023	02	17	100	000	C P 	1410	0	25000000
ROKU  		2023	02	24	25	000	C P 	4	2505	25000000
ROKU  		2023	02	24	30	000	C P 	31	205	25000000
ROKU  		2023	02	24	32	000	C P 	0	89	25000000
ROKU  		2023	02	24	33	000	C P 	0	133	25000000
ROKU  		2023	02	24	34	000	C P 	10	253	25000000
ROKU  		2023	02	24	35	000	C P 	5	624	25000000
ROKU  		2023	02	24	36	000	C P 	1	214	25000000
ROKU  		2023	02	24	36	500	C P 	0	72	25000000
ROKU  		2023	02	24	37	000	C P 	0	101	25000000
ROKU  		2023	02	24	37	500	C P 	0	53	25000000
ROKU  		2023	02	24	38	000	C P 	2	89	25000000
ROKU  		2023	02	24	38	500	C P 	0	12	25000000
ROKU  		2023	02	24	39	000	C P 	0	194	25000000
ROKU  		2023	02	24	39	500	C P 	2	21	25000000
ROKU  		2023	02	24	40	000	C P 	20	938	25000000
ROKU  		2023	02	24	40	500	C P 	1	8	25000000
ROKU  		2023	02	24	41	000	C P 	21	99	25000000
ROKU  		2023	02	24	41	500	C P 	4	116	25000000
ROKU  		2023	02	24	42	000	C P 	155	113	25000000
ROKU  		2023	02	24	42	500	C P 	0	25	25000000
ROKU  		2023	02	24	43	000	C P 	34	171	25000000
ROKU  		2023	02	24	43	500	C P 	2	19	25000000
ROKU  		2023	02	24	44	000	C P 	41	147	25000000
ROKU  		2023	02	24	44	500	C P 	3	24	25000000
ROKU  		2023	02	24	45	000	C P 	100	370	25000000
ROKU  		2023	02	24	45	500	C P 	3	25	25000000
ROKU  		2023	02	24	46	000	C P 	72	135	25000000
ROKU  		2023	02	24	46	500	C P 	15	60	25000000
ROKU  		2023	02	24	47	000	C P 	38	104	25000000
ROKU  		2023	02	24	47	500	C P 	13	41	25000000
ROKU  		2023	02	24	48	000	C P 	447	153	25000000
ROKU  		2023	02	24	48	500	C P 	3	42	25000000
ROKU  		2023	02	24	49	000	C P 	52	134	25000000
ROKU  		2023	02	24	49	500	C P 	11	153	25000000
ROKU  		2023	02	24	50	000	C P 	565	844	25000000
ROKU  		2023	02	24	51	000	C P 	206	236	25000000
ROKU  		2023	02	24	52	000	C P 	434	350	25000000
ROKU  		2023	02	24	53	000	C P 	122	155	25000000
ROKU  		2023	02	24	54	000	C P 	226	201	25000000
ROKU  		2023	02	24	55	000	C P 	274	509	25000000
ROKU  		2023	02	24	56	000	C P 	147	593	25000000
ROKU  		2023	02	24	57	000	C P 	524	238	25000000
ROKU  		2023	02	24	58	000	C P 	401	340	25000000
ROKU  		2023	02	24	59	000	C P 	108	136	25000000
ROKU  		2023	02	24	60	000	C P 	778	390	25000000
ROKU  		2023	02	24	61	000	C P 	139	152	25000000
ROKU  		2023	02	24	62	000	C P 	286	209	25000000
ROKU  		2023	02	24	63	000	C P 	328	286	25000000
ROKU  		2023	02	24	64	000	C P 	835	160	25000000
ROKU  		2023	02	24	65	000	C P 	686	208	25000000
ROKU  		2023	02	24	66	000	C P 	252	75	25000000
ROKU  		2023	02	24	67	000	C P 	227	102	25000000
ROKU  		2023	02	24	68	000	C P 	311	96	25000000
ROKU  		2023	02	24	69	000	C P 	178	70	25000000
ROKU  		2023	02	24	70	000	C P 	1147	23	25000000
ROKU  		2023	02	24	71	000	C P 	138	37	25000000
ROKU  		2023	02	24	72	000	C P 	120	18	25000000
ROKU  		2023	02	24	73	000	C P 	162	9	25000000
ROKU  		2023	02	24	74	000	C P 	79	12	25000000
ROKU  		2023	02	24	75	000	C P 	1066	66	25000000
ROKU  		2023	02	24	76	000	C P 	109	45	25000000
ROKU  		2023	02	24	77	000	C P 	379	9	25000000
ROKU  		2023	02	24	78	000	C P 	94	5	25000000
ROKU  		2023	02	24	79	000	C P 	178	12	25000000
ROKU  		2023	02	24	80	000	C P 	680	10	25000000
ROKU  		2023	02	24	81	000	C P 	109	7	25000000
ROKU  		2023	02	24	82	000	C P 	261	23	25000000
ROKU  		2023	02	24	83	000	C P 	445	0	25000000
ROKU  		2023	02	24	84	000	C P 	109	2	25000000
ROKU  		2023	02	24	85	000	C P 	235	4	25000000
ROKU  		2023	02	24	86	000	C P 	95	2	25000000
ROKU  		2023	02	24	87	000	C P 	203	6	25000000
ROKU  		2023	02	24	90	000	C P 	182	6	25000000
ROKU  		2023	02	24	95	000	C P 	129	4	25000000
ROKU  		2023	02	24	100	000	C P 	421	0	25000000
ROKU  		2023	03	03	25	000	C P 	0	746	25000000
ROKU  		2023	03	03	30	000	C P 	0	114	25000000
ROKU  		2023	03	03	35	000	C P 	0	333	25000000
ROKU  		2023	03	03	38	000	C P 	1	349	25000000
ROKU  		2023	03	03	39	000	C P 	0	54	25000000
ROKU  		2023	03	03	40	000	C P 	3	393	25000000
ROKU  		2023	03	03	41	000	C P 	0	45	25000000
ROKU  		2023	03	03	42	000	C P 	1	219	25000000
ROKU  		2023	03	03	43	000	C P 	1	97	25000000
ROKU  		2023	03	03	44	000	C P 	0	122	25000000
ROKU  		2023	03	03	45	000	C P 	10	399	25000000
ROKU  		2023	03	03	46	000	C P 	4	140	25000000
ROKU  		2023	03	03	47	000	C P 	62	155	25000000
ROKU  		2023	03	03	48	000	C P 	44	102	25000000
ROKU  		2023	03	03	49	000	C P 	41	101	25000000
ROKU  		2023	03	03	50	000	C P 	53	183	25000000
ROKU  		2023	03	03	51	000	C P 	27	143	25000000
ROKU  		2023	03	03	52	000	C P 	64	60	25000000
ROKU  		2023	03	03	53	000	C P 	56	76	25000000
ROKU  		2023	03	03	54	000	C P 	57	122	25000000
ROKU  		2023	03	03	55	000	C P 	95	396	25000000
ROKU  		2023	03	03	56	000	C P 	104	62	25000000
ROKU  		2023	03	03	57	000	C P 	68	147	25000000
ROKU  		2023	03	03	58	000	C P 	60	42	25000000
ROKU  		2023	03	03	59	000	C P 	42	34	25000000
ROKU  		2023	03	03	60	000	C P 	159	496	25000000
ROKU  		2023	03	03	61	000	C P 	90	71	25000000
ROKU  		2023	03	03	62	000	C P 	100	168	25000000
ROKU  		2023	03	03	63	000	C P 	124	55	25000000
ROKU  		2023	03	03	64	000	C P 	75	71	25000000
ROKU  		2023	03	03	65	000	C P 	725	73	25000000
ROKU  		2023	03	03	66	000	C P 	64	16	25000000
ROKU  		2023	03	03	67	000	C P 	480	10	25000000
ROKU  		2023	03	03	68	000	C P 	61	6	25000000
ROKU  		2023	03	03	69	000	C P 	106	12	25000000
ROKU  		2023	03	03	70	000	C P 	599	25	25000000
ROKU  		2023	03	03	71	000	C P 	247	5	25000000
ROKU  		2023	03	03	72	000	C P 	69	18	25000000
ROKU  		2023	03	03	73	000	C P 	19	17	25000000
ROKU  		2023	03	03	74	000	C P 	69	11	25000000
ROKU  		2023	03	03	75	000	C P 	130	18	25000000
ROKU  		2023	03	03	76	000	C P 	30	10	25000000
ROKU  		2023	03	03	77	000	C P 	28	7	25000000
ROKU  		2023	03	03	78	000	C P 	84	0	25000000
ROKU  		2023	03	03	80	000	C P 	136	2	25000000
ROKU  		2023	03	03	85	000	C P 	164	10	25000000
ROKU  		2023	03	03	90	000	C P 	175	0	25000000
ROKU  		2023	03	03	95	000	C P 	263	0	25000000
ROKU  		2023	03	03	100	000	C P 	289	0	25000000
ROKU  		2023	03	10	30	000	C P 	1	2551	25000000
ROKU  		2023	03	10	35	000	C P 	0	41	25000000
ROKU  		2023	03	10	40	000	C P 	3	35	25000000
ROKU  		2023	03	10	41	000	C P 	0	19	25000000
ROKU  		2023	03	10	42	000	C P 	2	38	25000000
ROKU  		2023	03	10	43	000	C P 	1	57	25000000
ROKU  		2023	03	10	44	000	C P 	0	318	25000000
ROKU  		2023	03	10	45	000	C P 	2	183	25000000
ROKU  		2023	03	10	46	000	C P 	0	293	25000000
ROKU  		2023	03	10	47	000	C P 	2	53	25000000
ROKU  		2023	03	10	48	000	C P 	35	30	25000000
ROKU  		2023	03	10	49	000	C P 	9	34	25000000
ROKU  		2023	03	10	50	000	C P 	40	139	25000000
ROKU  		2023	03	10	51	000	C P 	15	34	25000000
ROKU  		2023	03	10	52	000	C P 	24	80	25000000
ROKU  		2023	03	10	53	000	C P 	22	45	25000000
ROKU  		2023	03	10	54	000	C P 	96	47	25000000
ROKU  		2023	03	10	55	000	C P 	59	99	25000000
ROKU  		2023	03	10	56	000	C P 	46	49	25000000
ROKU  		2023	03	10	57	000	C P 	34	28	25000000
ROKU  		2023	03	10	58	000	C P 	68	16	25000000
ROKU  		2023	03	10	59	000	C P 	41	30	25000000
ROKU  		2023	03	10	60	000	C P 	82	61	25000000
ROKU  		2023	03	10	61	000	C P 	37	37	25000000
ROKU  		2023	03	10	62	000	C P 	34	38	25000000
ROKU  		2023	03	10	63	000	C P 	92	38	25000000
ROKU  		2023	03	10	64	000	C P 	28	48	25000000
ROKU  		2023	03	10	65	000	C P 	111	54	25000000
ROKU  		2023	03	10	66	000	C P 	11	5	25000000
ROKU  		2023	03	10	67	000	C P 	22	20	25000000
ROKU  		2023	03	10	68	000	C P 	29	10	25000000
ROKU  		2023	03	10	69	000	C P 	24	10	25000000
ROKU  		2023	03	10	70	000	C P 	196	23	25000000
ROKU  		2023	03	10	71	000	C P 	9	11	25000000
ROKU  		2023	03	10	72	000	C P 	10	12	25000000
ROKU  		2023	03	10	73	000	C P 	38	7	25000000
ROKU  		2023	03	10	74	000	C P 	35	6	25000000
ROKU  		2023	03	10	75	000	C P 	90	4	25000000
ROKU  		2023	03	10	76	000	C P 	5	14	25000000
ROKU  		2023	03	10	77	000	C P 	26	0	25000000
ROKU  		2023	03	10	78	000	C P 	47	0	25000000
ROKU  		2023	03	10	80	000	C P 	69	1	25000000
ROKU  		2023	03	10	85	000	C P 	56	0	25000000
ROKU  		2023	03	10	90	000	C P 	452	0	25000000
ROKU  		2023	03	10	95	000	C P 	38	0	25000000
ROKU  		2023	03	10	100	000	C P 	6	0	25000000
ROKU  		2023	03	17	20	000	C P 	9	218	25000000
ROKU  		2023	03	17	22	500	C P 	22	519	25000000
ROKU  		2023	03	17	25	000	C P 	20	2932	25000000
ROKU  		2023	03	17	30	000	C P 	13	7783	25000000
ROKU  		2023	03	17	35	000	C P 	189	8212	25000000
ROKU  		2023	03	17	40	000	C P 	316	3504	25000000
ROKU  		2023	03	17	45	000	C P 	479	3911	25000000
ROKU  		2023	03	17	50	000	C P 	1182	3030	25000000
ROKU  		2023	03	17	55	000	C P 	2127	1771	25000000
ROKU  		2023	03	17	60	000	C P 	1665	1758	25000000
ROKU  		2023	03	17	65	000	C P 	2526	457	25000000
ROKU  		2023	03	17	70	000	C P 	2463	373	25000000
ROKU  		2023	03	17	75	000	C P 	1724	135	25000000
ROKU  		2023	03	17	80	000	C P 	1120	39	25000000
ROKU  		2023	03	17	85	000	C P 	2592	5	25000000
ROKU  		2023	03	17	90	000	C P 	1529	18	25000000
ROKU  		2023	03	17	95	000	C P 	1787	7	25000000
ROKU  		2023	03	17	100	000	C P 	3355	16	25000000
ROKU  		2023	03	17	105	000	C P 	974	1	25000000
ROKU  		2023	03	17	110	000	C P 	2393	0	25000000
ROKU  		2023	03	24	30	000	C P 	0	104	25000000
ROKU  		2023	03	24	35	000	C P 	0	27	25000000
ROKU  		2023	03	24	40	000	C P 	0	175	25000000
ROKU  		2023	03	24	45	000	C P 	5	278	25000000
ROKU  		2023	03	24	46	000	C P 	7	214	25000000
ROKU  		2023	03	24	47	000	C P 	4	167	25000000
ROKU  		2023	03	24	48	000	C P 	0	18	25000000
ROKU  		2023	03	24	49	000	C P 	0	26	25000000
ROKU  		2023	03	24	50	000	C P 	16	59	25000000
ROKU  		2023	03	24	51	000	C P 	10	16	25000000
ROKU  		2023	03	24	52	000	C P 	11	145	25000000
ROKU  		2023	03	24	53	000	C P 	5	22	25000000
ROKU  		2023	03	24	54	000	C P 	0	111	25000000
ROKU  		2023	03	24	55	000	C P 	176	361	25000000
ROKU  		2023	03	24	56	000	C P 	10	209	25000000
ROKU  		2023	03	24	57	000	C P 	4	4	25000000
ROKU  		2023	03	24	58	000	C P 	11	14	25000000
ROKU  		2023	03	24	59	000	C P 	10	19	25000000
ROKU  		2023	03	24	60	000	C P 	198	42	25000000
ROKU  		2023	03	24	61	000	C P 	18	10	25000000
ROKU  		2023	03	24	62	000	C P 	12	26	25000000
ROKU  		2023	03	24	63	000	C P 	39	7	25000000
ROKU  		2023	03	24	64	000	C P 	26	1	25000000
ROKU  		2023	03	24	65	000	C P 	119	5	25000000
ROKU  		2023	03	24	66	000	C P 	14	1	25000000
ROKU  		2023	03	24	67	000	C P 	17	2	25000000
ROKU  		2023	03	24	68	000	C P 	15	0	25000000
ROKU  		2023	03	24	69	000	C P 	220	0	25000000
ROKU  		2023	03	24	70	000	C P 	20	2	25000000
ROKU  		2023	03	24	71	000	C P 	11	0	25000000
ROKU  		2023	03	24	72	000	C P 	29	0	25000000
ROKU  		2023	03	24	73	000	C P 	23	0	25000000
ROKU  		2023	03	24	74	000	C P 	4	8	25000000
ROKU  		2023	03	24	75	000	C P 	12	0	25000000
ROKU  		2023	03	24	76	000	C P 	15	0	25000000
ROKU  		2023	03	24	77	000	C P 	2	0	25000000
ROKU  		2023	03	24	78	000	C P 	9	0	25000000
ROKU  		2023	03	24	80	000	C P 	8	0	25000000
ROKU  		2023	03	24	85	000	C P 	10	0	25000000
ROKU  		2023	03	24	90	000	C P 	42	0	25000000
ROKU  		2023	03	24	95	000	C P 	98	0	25000000
ROKU  		2023	03	24	100	000	C P 	72	0	25000000
ROKU  		2023	03	31	30	000	C P 	0	11	25000000
ROKU  		2023	03	31	35	000	C P 	0	17	25000000
ROKU  		2023	03	31	40	000	C P 	0	172	25000000
ROKU  		2023	03	31	45	000	C P 	3	347	25000000
ROKU  		2023	03	31	47	000	C P 	10	43	25000000
ROKU  		2023	03	31	48	000	C P 	2	42	25000000
ROKU  		2023	03	31	49	000	C P 	0	32	25000000
ROKU  		2023	03	31	50	000	C P 	0	35	25000000
ROKU  		2023	03	31	51	000	C P 	1	2	25000000
ROKU  		2023	03	31	52	000	C P 	0	63	25000000
ROKU  		2023	03	31	53	000	C P 	13	3	25000000
ROKU  		2023	03	31	54	000	C P 	1	166	25000000
ROKU  		2023	03	31	55	000	C P 	10	49	25000000
ROKU  		2023	03	31	56	000	C P 	2	23	25000000
ROKU  		2023	03	31	57	000	C P 	1	33	25000000
ROKU  		2023	03	31	58	000	C P 	8	22	25000000
ROKU  		2023	03	31	59	000	C P 	16	15	25000000
ROKU  		2023	03	31	60	000	C P 	21	68	25000000
ROKU  		2023	03	31	61	000	C P 	1	15	25000000
ROKU  		2023	03	31	62	000	C P 	39	5	25000000
ROKU  		2023	03	31	63	000	C P 	5	1	25000000
ROKU  		2023	03	31	64	000	C P 	4	26	25000000
ROKU  		2023	03	31	65	000	C P 	24	1	25000000
ROKU  		2023	03	31	66	000	C P 	20	1	25000000
ROKU  		2023	03	31	67	000	C P 	345	1	25000000
ROKU  		2023	03	31	68	000	C P 	202	1	25000000
ROKU  		2023	03	31	69	000	C P 	31	0	25000000
ROKU  		2023	03	31	70	000	C P 	42	2	25000000
ROKU  		2023	03	31	71	000	C P 	107	0	25000000
ROKU  		2023	03	31	75	000	C P 	74	0	25000000
ROKU  		2023	03	31	80	000	C P 	329	0	25000000
ROKU  		2023	03	31	85	000	C P 	137	0	25000000
ROKU  		2023	03	31	90	000	C P 	66	4	25000000
ROKU  		2023	04	21	20	000	C P 	0	181	25000000
ROKU  		2023	04	21	22	500	C P 	2	383	25000000
ROKU  		2023	04	21	25	000	C P 	18	1185	25000000
ROKU  		2023	04	21	30	000	C P 	22	3818	25000000
ROKU  		2023	04	21	35	000	C P 	29	2724	25000000
ROKU  		2023	04	21	40	000	C P 	159	1292	25000000
ROKU  		2023	04	21	45	000	C P 	365	1551	25000000
ROKU  		2023	04	21	50	000	C P 	494	2144	25000000
ROKU  		2023	04	21	55	000	C P 	504	1319	25000000
ROKU  		2023	04	21	60	000	C P 	1525	874	25000000
ROKU  		2023	04	21	65	000	C P 	1517	599	25000000
ROKU  		2023	04	21	70	000	C P 	1458	362	25000000
ROKU  		2023	04	21	75	000	C P 	981	614	25000000
ROKU  		2023	04	21	80	000	C P 	879	51	25000000
ROKU  		2023	04	21	85	000	C P 	664	44	25000000
ROKU  		2023	04	21	90	000	C P 	339	24	25000000
ROKU  		2023	04	21	95	000	C P 	256	6	25000000
ROKU  		2023	04	21	100	000	C P 	1555	3	25000000
ROKU  		2023	04	21	105	000	C P 	286	1	25000000
ROKU  		2023	04	21	110	000	C P 	261	1	25000000
ROKU  		2023	04	21	115	000	C P 	372	0	25000000
ROKU  		2023	04	21	120	000	C P 	392	0	25000000
ROKU  		2023	04	21	125	000	C P 	567	0	25000000
ROKU  		2023	06	16	20	000	C P 	29	252	25000000
ROKU  		2023	06	16	22	500	C P 	1	2157	25000000
ROKU  		2023	06	16	25	000	C P 	1	1691	25000000
ROKU  		2023	06	16	30	000	C P 	12	3247	25000000
ROKU  		2023	06	16	35	000	C P 	110	2169	25000000
ROKU  		2023	06	16	40	000	C P 	213	3628	25000000
ROKU  		2023	06	16	45	000	C P 	431	8518	25000000
ROKU  		2023	06	16	50	000	C P 	619	9238	25000000
ROKU  		2023	06	16	55	000	C P 	1709	1812	25000000
ROKU  		2023	06	16	60	000	C P 	2317	906	25000000
ROKU  		2023	06	16	65	000	C P 	1298	775	25000000
ROKU  		2023	06	16	70	000	C P 	1694	622	25000000
ROKU  		2023	06	16	75	000	C P 	942	1006	25000000
ROKU  		2023	06	16	80	000	C P 	1533	457	25000000
ROKU  		2023	06	16	85	000	C P 	756	1192	25000000
ROKU  		2023	06	16	90	000	C P 	1329	205	25000000
ROKU  		2023	06	16	95	000	C P 	540	58	25000000
ROKU  		2023	06	16	100	000	C P 	1895	44	25000000
ROKU  		2023	06	16	105	000	C P 	571	69	25000000
ROKU  		2023	06	16	110	000	C P 	1226	25	25000000
ROKU  		2023	06	16	115	000	C P 	707	5	25000000
ROKU  		2023	06	16	120	000	C P 	932	0	25000000
ROKU  		2023	06	16	125	000	C P 	995	1	25000000
ROKU  		2023	06	16	130	000	C P 	611	0	25000000
ROKU  		2023	06	16	135	000	C P 	835	0	25000000
ROKU  		2023	06	16	140	000	C P 	1418	1	25000000
ROKU  		2023	07	21	20	000	C P 	6	245	25000000
ROKU  		2023	07	21	22	500	C P 	0	124	25000000
ROKU  		2023	07	21	25	000	C P 	1	203	25000000
ROKU  		2023	07	21	30	000	C P 	249	1786	25000000
ROKU  		2023	07	21	35	000	C P 	15	1609	25000000
ROKU  		2023	07	21	40	000	C P 	133	1755	25000000
ROKU  		2023	07	21	45	000	C P 	94	866	25000000
ROKU  		2023	07	21	50	000	C P 	336	673	25000000
ROKU  		2023	07	21	55	000	C P 	284	1352	25000000
ROKU  		2023	07	21	60	000	C P 	183	603	25000000
ROKU  		2023	07	21	65	000	C P 	588	337	25000000
ROKU  		2023	07	21	70	000	C P 	593	139	25000000
ROKU  		2023	07	21	75	000	C P 	511	420	25000000
ROKU  		2023	07	21	80	000	C P 	825	806	25000000
ROKU  		2023	07	21	85	000	C P 	1392	393	25000000
ROKU  		2023	07	21	90	000	C P 	307	107	25000000
ROKU  		2023	07	21	95	000	C P 	203	94	25000000
ROKU  		2023	07	21	100	000	C P 	323	161	25000000
ROKU  		2023	09	15	20	000	C P 	3	44	25000000
ROKU  		2023	09	15	22	500	C P 	0	72	25000000
ROKU  		2023	09	15	25	000	C P 	0	302	25000000
ROKU  		2023	09	15	30	000	C P 	15	88	25000000
ROKU  		2023	09	15	35	000	C P 	35	1448	25000000
ROKU  		2023	09	15	40	000	C P 	1834	1451	25000000
ROKU  		2023	09	15	45	000	C P 	24	1045	25000000
ROKU  		2023	09	15	50	000	C P 	22	1502	25000000
ROKU  		2023	09	15	55	000	C P 	244	200	25000000
ROKU  		2023	09	15	60	000	C P 	3898	207	25000000
ROKU  		2023	09	15	65	000	C P 	869	274	25000000
ROKU  		2023	09	15	70	000	C P 	216	111	25000000
ROKU  		2023	09	15	75	000	C P 	311	61	25000000
ROKU  		2023	09	15	80	000	C P 	400	7	25000000
ROKU  		2023	09	15	85	000	C P 	86	29	25000000
ROKU  		2023	09	15	90	000	C P 	476	11	25000000
ROKU  		2023	09	15	95	000	C P 	90	3	25000000
ROKU  		2023	09	15	100	000	C P 	154	77	25000000
ROKU  		2024	01	19	20	000	C P 	19	89	25000000
ROKU  		2024	01	19	22	500	C P 	8	97	25000000
ROKU  		2024	01	19	25	000	C P 	27	943	25000000
ROKU  		2024	01	19	30	000	C P 	110	2008	25000000
ROKU  		2024	01	19	35	000	C P 	119	1139	25000000
ROKU  		2024	01	19	40	000	C P 	832	1612	25000000
ROKU  		2024	01	19	45	000	C P 	383	2213	25000000
ROKU  		2024	01	19	50	000	C P 	323	595	25000000
ROKU  		2024	01	19	55	000	C P 	214	265	25000000
ROKU  		2024	01	19	60	000	C P 	670	2148	25000000
ROKU  		2024	01	19	65	000	C P 	580	946	25000000
ROKU  		2024	01	19	70	000	C P 	699	278	25000000
ROKU  		2024	01	19	75	000	C P 	298	557	25000000
ROKU  		2024	01	19	80	000	C P 	432	1001	25000000
ROKU  		2024	01	19	85	000	C P 	493	684	25000000
ROKU  		2024	01	19	90	000	C P 	2143	801	25000000
ROKU  		2024	01	19	95	000	C P 	753	341	25000000
ROKU  		2024	01	19	100	000	C P 	1238	360	25000000
ROKU  		2024	01	19	105	000	C P 	264	367	25000000
ROKU  		2024	01	19	110	000	C P 	684	117	25000000
ROKU  		2024	01	19	115	000	C P 	764	374	25000000
ROKU  		2024	01	19	120	000	C P 	2146	31	25000000
ROKU  		2024	01	19	125	000	C P 	296	19	25000000
ROKU  		2024	01	19	130	000	C P 	598	74	25000000
ROKU  		2024	01	19	135	000	C P 	227	6	25000000
ROKU  		2024	01	19	140	000	C P 	387	1	25000000
ROKU  		2024	01	19	145	000	C P 	329	0	25000000
ROKU  		2024	01	19	150	000	C P 	1623	14	25000000
ROKU  		2024	01	19	155	000	C P 	396	2	25000000
ROKU  		2024	01	19	160	000	C P 	262	14	25000000
ROKU  		2024	01	19	165	000	C P 	124	0	25000000
ROKU  		2024	01	19	170	000	C P 	393	0	25000000
ROKU  		2024	01	19	175	000	C P 	371	0	25000000
ROKU  		2024	01	19	180	000	C P 	477	1	25000000
ROKU  		2024	01	19	185	000	C P 	198	8	25000000
ROKU  		2024	01	19	190	000	C P 	1429	5	25000000
ROKU  		2024	01	19	195	000	C P 	188	2	25000000
ROKU  		2024	01	19	200	000	C P 	1643	0	25000000
ROKU  		2024	01	19	205	000	C P 	135	0	25000000
ROKU  		2024	01	19	210	000	C P 	511	0	25000000
ROKU  		2024	01	19	220	000	C P 	846	0	25000000
ROKU  		2024	01	19	230	000	C P 	231	0	25000000
ROKU  		2024	01	19	240	000	C P 	166	0	25000000
ROKU  		2024	01	19	250	000	C P 	693	0	25000000
ROKU  		2024	01	19	260	000	C P 	190	0	25000000
ROKU  		2024	01	19	270	000	C P 	145	0	25000000
ROKU  		2024	01	19	280	000	C P 	159	0	25000000
ROKU  		2024	01	19	290	000	C P 	320	0	25000000
ROKU  		2024	01	19	300	000	C P 	2256	0	25000000
ROKU  		2024	01	19	310	000	C P 	352	0	25000000
ROKU  		2024	01	19	320	000	C P 	335	0	25000000
ROKU  		2024	01	19	330	000	C P 	281	0	25000000
ROKU  		2024	01	19	340	000	C P 	180	0	25000000
ROKU  		2024	01	19	350	000	C P 	217	0	25000000
ROKU  		2024	01	19	360	000	C P 	538	0	25000000
ROKU  		2024	01	19	370	000	C P 	107	0	25000000
ROKU  		2024	01	19	380	000	C P 	143	0	25000000
ROKU  		2024	01	19	390	000	C P 	428	0	25000000
ROKU  		2024	01	19	400	000	C P 	1028	0	25000000
ROKU  		2024	01	19	410	000	C P 	144	0	25000000
ROKU  		2024	01	19	420	000	C P 	283	0	25000000
ROKU  		2024	01	19	430	000	C P 	457	0	25000000
ROKU  		2024	01	19	440	000	C P 	143	0	25000000
ROKU  		2024	01	19	450	000	C P 	294	0	25000000
ROKU  		2024	01	19	460	000	C P 	31	0	25000000
ROKU  		2024	01	19	470	000	C P 	179	0	25000000
ROKU  		2024	01	19	480	000	C P 	45	0	25000000
ROKU  		2024	01	19	490	000	C P 	29	0	25000000
ROKU  		2024	01	19	500	000	C P 	368	0	25000000
ROKU  		2024	01	19	510	000	C P 	143	0	25000000
ROKU  		2024	01	19	520	000	C P 	2790	0	25000000
ROKU  		2024	06	21	20	000	C P 	2	15	25000000
ROKU  		2024	06	21	22	500	C P 	1	4	25000000
ROKU  		2024	06	21	25	000	C P 	2	2	25000000
ROKU  		2024	06	21	30	000	C P 	2	37	25000000
ROKU  		2024	06	21	35	000	C P 	10	414	25000000
ROKU  		2024	06	21	40	000	C P 	26	47	25000000
ROKU  		2024	06	21	45	000	C P 	8	428	25000000
ROKU  		2024	06	21	50	000	C P 	33	97	25000000
ROKU  		2024	06	21	55	000	C P 	23	22	25000000
ROKU  		2024	06	21	60	000	C P 	37	54	25000000
ROKU  		2024	06	21	65	000	C P 	34	17	25000000
ROKU  		2024	06	21	70	000	C P 	36	3	25000000
ROKU  		2024	06	21	75	000	C P 	14	9	25000000
ROKU  		2024	06	21	80	000	C P 	34	85	25000000
ROKU  		2024	06	21	85	000	C P 	11	18	25000000
ROKU  		2024	06	21	90	000	C P 	44	37	25000000
ROKU  		2024	06	21	95	000	C P 	2	0	25000000
ROKU  		2024	06	21	100	000	C P 	9	0	25000000
ROKU  		2025	01	17	20	000	C P 	43	45	25000000
ROKU  		2025	01	17	22	500	C P 	23	44	25000000
ROKU  		2025	01	17	25	000	C P 	107	82	25000000
ROKU  		2025	01	17	30	000	C P 	51	136	25000000
ROKU  		2025	01	17	35	000	C P 	51	262	25000000
ROKU  		2025	01	17	40	000	C P 	159	258	25000000
ROKU  		2025	01	17	45	000	C P 	67	362	25000000
ROKU  		2025	01	17	50	000	C P 	170	586	25000000
ROKU  		2025	01	17	55	000	C P 	235	309	25000000
ROKU  		2025	01	17	60	000	C P 	1881	213	25000000
ROKU  		2025	01	17	65	000	C P 	925	67	25000000
ROKU  		2025	01	17	70	000	C P 	165	33	25000000
ROKU  		2025	01	17	75	000	C P 	176	1033	25000000
ROKU  		2025	01	17	80	000	C P 	114	45	25000000
ROKU  		2025	01	17	85	000	C P 	48	131	25000000
ROKU  		2025	01	17	90	000	C P 	62	24	25000000
ROKU  		2025	01	17	95	000	C P 	72	3	25000000
ROKU  		2025	01	17	100	000	C P 	239	41	25000000
ROKU  		2025	01	17	105	000	C P 	477	15	25000000
ROKU  		2025	01	17	110	000	C P 	942	89	25000000
