Series Search Results for S

Products for this option symbol are traded on: 
AMEX ARCA BATS BOX C2 CBOE EDGX EMLD GEM ISE MCRY MIAX MPRL NOBO NSDQ PHLX 

		Series/contract		Strike			Open Interest			
ProductSymbol	year	Month	Day	Integer	Dec	C/P	Call	Put	Position Limit	
S     		2023	03	17	3	000	C P 	0	0	25000000
S     		2023	03	17	5	000	C P 	0	6	25000000
S     		2023	03	17	6	000	C P 	0	0	25000000
S     		2023	03	17	7	000	C P 	0	0	25000000
S     		2023	03	17	8	000	C P 	0	2	25000000
S     		2023	03	17	9	000	C P 	10	4	25000000
S     		2023	03	17	10	000	C P 	69	663	25000000
S     		2023	03	17	11	000	C P 	4	1090	25000000
S     		2023	03	17	12	500	C P 	86	1020	25000000
S     		2023	03	17	14	000	C P 	612	966	25000000
S     		2023	03	17	15	000	C P 	6468	3535	25000000
S     		2023	03	17	16	000	C P 	8607	1020	25000000
S     		2023	03	17	17	500	C P 	2177	250	25000000
S     		2023	03	17	19	000	C P 	922	74	25000000
S     		2023	03	17	20	000	C P 	1300	603	25000000
S     		2023	03	17	21	000	C P 	208	18	25000000
S     		2023	03	17	22	500	C P 	397	164	25000000
S     		2023	03	17	24	000	C P 	58	38	25000000
S     		2023	03	17	25	000	C P 	196	74	25000000
S     		2023	03	17	26	000	C P 	1123	391	25000000
S     		2023	03	17	27	000	C P 	708	49	25000000
S     		2023	03	17	28	000	C P 	1273	42	25000000
S     		2023	03	17	29	000	C P 	520	109	25000000
S     		2023	03	17	30	000	C P 	92	0	25000000
S     		2023	03	17	31	000	C P 	201	53	25000000
S     		2023	03	17	32	000	C P 	659	0	25000000
S     		2023	03	17	33	000	C P 	33	0	25000000
S     		2023	03	17	34	000	C P 	57	0	25000000
S     		2023	03	17	35	000	C P 	355	0	25000000
S     		2023	03	17	40	000	C P 	427	0	25000000
S     		2023	04	21	5	000	C P 	0	0	25000000
S     		2023	04	21	7	000	C P 	0	0	25000000
S     		2023	04	21	8	000	C P 	0	0	25000000
S     		2023	04	21	9	000	C P 	0	1	25000000
S     		2023	04	21	10	000	C P 	0	69	25000000
S     		2023	04	21	11	000	C P 	0	8	25000000
S     		2023	04	21	12	000	C P 	50	20	25000000
S     		2023	04	21	13	000	C P 	0	66	25000000
S     		2023	04	21	14	000	C P 	1	4	25000000
S     		2023	04	21	15	000	C P 	40	17	25000000
S     		2023	04	21	16	000	C P 	33	16	25000000
S     		2023	04	21	17	000	C P 	26	5	25000000
S     		2023	04	21	18	000	C P 	49	0	25000000
S     		2023	04	21	19	000	C P 	0	0	25000000
S     		2023	04	21	20	000	C P 	8	0	25000000
S     		2023	04	21	21	000	C P 	1	0	25000000
S     		2023	04	21	22	000	C P 	0	0	25000000
S     		2023	04	21	23	000	C P 	0	0	25000000
S     		2023	04	21	24	000	C P 	1	0	25000000
S     		2023	04	21	25	000	C P 	0	0	25000000
S     		2023	04	21	26	000	C P 	0	0	25000000
S     		2023	04	21	30	000	C P 	0	0	25000000
S     		2023	06	16	3	000	C P 	0	0	25000000
S     		2023	06	16	5	000	C P 	2	1	25000000
S     		2023	06	16	6	000	C P 	0	3	25000000
S     		2023	06	16	7	000	C P 	0	4	25000000
S     		2023	06	16	8	000	C P 	1	24	25000000
S     		2023	06	16	9	000	C P 	0	173	25000000
S     		2023	06	16	10	000	C P 	47	331	25000000
S     		2023	06	16	11	000	C P 	2	3174	25000000
S     		2023	06	16	12	500	C P 	40	793	25000000
S     		2023	06	16	14	000	C P 	220	2484	25000000
S     		2023	06	16	15	000	C P 	3057	307	25000000
S     		2023	06	16	16	000	C P 	3360	115	25000000
S     		2023	06	16	17	500	C P 	666	349	25000000
S     		2023	06	16	19	000	C P 	263	72	25000000
S     		2023	06	16	20	000	C P 	6745	204	25000000
S     		2023	06	16	21	000	C P 	264	71	25000000
S     		2023	06	16	22	500	C P 	3144	815	25000000
S     		2023	06	16	24	000	C P 	258	9	25000000
S     		2023	06	16	25	000	C P 	130	166	25000000
S     		2023	06	16	26	000	C P 	60	20	25000000
S     		2023	06	16	27	000	C P 	116	328	25000000
S     		2023	06	16	28	000	C P 	150	112	25000000
S     		2023	06	16	29	000	C P 	40	73	25000000
S     		2023	06	16	30	000	C P 	374	44	25000000
S     		2023	06	16	31	000	C P 	11	0	25000000
S     		2023	06	16	32	000	C P 	14	0	25000000
S     		2023	06	16	33	000	C P 	13	0	25000000
S     		2023	06	16	34	000	C P 	39	0	25000000
S     		2023	06	16	35	000	C P 	222	0	25000000
S     		2023	06	16	37	000	C P 	110	0	25000000
S     		2023	06	16	40	000	C P 	1742	0	25000000
S     		2023	06	16	45	000	C P 	624	0	25000000
S     		2023	06	16	50	000	C P 	1286	0	25000000
S     		2023	06	16	55	000	C P 	20	0	25000000
S     		2023	06	16	60	000	C P 	543	0	25000000
S     		2023	09	15	3	000	C P 	0	0	25000000
S     		2023	09	15	5	000	C P 	0	0	25000000
S     		2023	09	15	6	000	C P 	0	5	25000000
S     		2023	09	15	7	000	C P 	0	0	25000000
S     		2023	09	15	8	000	C P 	0	2	25000000
S     		2023	09	15	9	000	C P 	1	21	25000000
S     		2023	09	15	10	000	C P 	0	31	25000000
S     		2023	09	15	11	000	C P 	0	16	25000000
S     		2023	09	15	12	000	C P 	0	16	25000000
S     		2023	09	15	13	000	C P 	0	9	25000000
S     		2023	09	15	14	000	C P 	0	26	25000000
S     		2023	09	15	15	000	C P 	15	23	25000000
S     		2023	09	15	16	000	C P 	11	10	25000000
S     		2023	09	15	17	000	C P 	4	17	25000000
S     		2023	09	15	18	000	C P 	7	7	25000000
S     		2023	09	15	19	000	C P 	7	0	25000000
S     		2023	09	15	20	000	C P 	23	4	25000000
S     		2023	09	15	21	000	C P 	1	0	25000000
S     		2023	09	15	22	000	C P 	120	0	25000000
S     		2023	09	15	24	000	C P 	334	0	25000000
S     		2023	09	15	25	000	C P 	4	0	25000000
S     		2023	09	15	26	000	C P 	1	0	25000000
S     		2023	09	15	27	000	C P 	9	0	25000000
S     		2023	09	15	28	000	C P 	2	0	25000000
S     		2023	09	15	29	000	C P 	4	0	25000000
S     		2023	09	15	30	000	C P 	3	0	25000000
S     		2024	01	19	3	000	C P 	2	0	25000000
S     		2024	01	19	5	000	C P 	2	42	25000000
S     		2024	01	19	10	000	C P 	682	1134	25000000
S     		2024	01	19	12	500	C P 	566	172	25000000
S     		2024	01	19	15	000	C P 	784	174	25000000
S     		2024	01	19	17	500	C P 	347	232	25000000
S     		2024	01	19	20	000	C P 	331	224	25000000
S     		2024	01	19	22	500	C P 	352	1361	25000000
S     		2024	01	19	25	000	C P 	1095	834	25000000
S     		2024	01	19	27	000	C P 	680	14	25000000
S     		2024	01	19	30	000	C P 	2731	224	25000000
S     		2024	01	19	32	000	C P 	458	0	25000000
S     		2024	01	19	35	000	C P 	542	106	25000000
S     		2024	01	19	37	000	C P 	14	2	25000000
S     		2024	01	19	40	000	C P 	2232	0	25000000
S     		2024	01	19	45	000	C P 	1260	0	25000000
S     		2024	01	19	50	000	C P 	1334	0	25000000
S     		2024	01	19	55	000	C P 	431	0	25000000
S     		2024	01	19	60	000	C P 	1204	0	25000000
S     		2024	01	19	65	000	C P 	68	0	25000000
S     		2024	01	19	70	000	C P 	92	0	25000000
S     		2024	01	19	75	000	C P 	60	0	25000000
S     		2024	01	19	80	000	C P 	62	0	25000000
S     		2024	01	19	85	000	C P 	90	0	25000000
S     		2024	01	19	90	000	C P 	40	0	25000000
S     		2024	01	19	95	000	C P 	25	0	25000000
S     		2024	01	19	100	000	C P 	93	0	25000000
S     		2024	01	19	105	000	C P 	29	0	25000000
S     		2024	01	19	110	000	C P 	119	0	25000000
S     		2025	01	17	3	000	C P 	4	0	25000000
S     		2025	01	17	5	000	C P 	154	16	25000000
S     		2025	01	17	10	000	C P 	283	28	25000000
S     		2025	01	17	13	000	C P 	28	105	25000000
S     		2025	01	17	15	000	C P 	223	56	25000000
S     		2025	01	17	18	000	C P 	18	33	25000000
S     		2025	01	17	20	000	C P 	279	48	25000000
S     		2025	01	17	23	000	C P 	10	1	25000000
S     		2025	01	17	25	000	C P 	146	12	25000000
S     		2025	01	17	27	000	C P 	227	0	25000000
S     		2025	01	17	30	000	C P 	120	22	25000000
S     		2025	01	17	32	000	C P 	20	8	25000000
S     		2025	01	17	35	000	C P 	29	23	25000000
S     		2025	01	17	37	000	C P 	54	25	25000000
S     		2025	01	17	40	000	C P 	389	29	25000000
